0 0.089044 0.593373 0.056476 0.041499
0 0.113987 0.576640 0.053276 0.048862
0 0.162839 0.608601 0.056099 0.055890
0 0.203219 0.597724 0.062312 0.044177
0 0.245576 0.619143 0.053652 0.056894
0 0.280309 0.614793 0.055346 0.058233
0 0.175169 0.539157 0.051017 0.049531
0 0.193524 0.519076 0.051205 0.032798
0 0.227127 0.535475 0.045369 0.056894
0 0.257436 0.560074 0.053652 0.037818
0 0.278050 0.526439 0.050828 0.050201
1 0.305535 0.485274 0.048193 0.028782
0 0.323513 0.542336 0.049887 0.044511
0 0.336785 0.561245 0.047063 0.031459
0 0.366434 0.524933 0.049134 0.051874
0 0.343844 0.487784 0.044616 0.039826
0 0.388554 0.575469 0.045934 0.046519
0 0.374435 0.489625 0.047816 0.027443
0 0.404367 0.488119 0.045557 0.039157
0 0.416227 0.537316 0.050452 0.048527
0 0.430158 0.580321 0.041416 0.050201
0 0.469032 0.585341 0.041227 0.047523
0 0.453031 0.531459 0.048005 0.042838
0 0.437312 0.487115 0.039157 0.035810
0 0.471103 0.475067 0.045369 0.046519
0 0.506024 0.469043 0.041792 0.037149
0 0.504142 0.600234 0.042169 0.055221
1 0.524849 0.521252 0.050828 0.048527
0 0.545181 0.613621 0.042922 0.053213
0 0.582172 0.619478 0.047628 0.041499
0 0.541227 0.474398 0.045934 0.039157
0 0.563065 0.516566 0.047063 0.052544
0 0.585184 0.484940 0.048758 0.041499
0 0.606645 0.566767 0.049134 0.056560
0 0.625753 0.521754 0.047063 0.050870
0 0.650226 0.578481 0.047063 0.061245
0 0.667451 0.560241 0.044616 0.049531
0 0.640907 0.470716 0.057041 0.035141
1 0.679123 0.491466 0.050640 0.039826
0 0.705761 0.496151 0.042545 0.043842
0 0.705761 0.553213 0.048946 0.051539
0 0.690606 0.619813 0.049134 0.058233
0 0.739646 0.588521 0.051581 0.052544
0 0.776355 0.579150 0.050452 0.052544
0 0.739364 0.640228 0.054029 0.059572
0 0.780120 0.670850 0.047063 0.055221
0 0.816642 0.677376 0.059864 0.059572
0 0.730892 0.485274 0.044616 0.036145
0 0.770237 0.494311 0.048005 0.040161
0 0.804405 0.498829 0.047440 0.037149
0 0.850433 0.507195 0.054405 0.039157
0 0.886201 0.524431 0.048381 0.033467
0 0.781438 0.425201 0.047440 0.037149
0 0.815794 0.407129 0.044239 0.038487
0 0.857587 0.392570 0.043486 0.042838
0 0.883377 0.364458 0.049887 0.040830
0 0.911239 0.351740 0.049887 0.041499
0 0.927146 0.338688 0.038404 0.036814
