0 0.088950 0.451138 0.044992 0.030790
0 0.110693 0.462015 0.041792 0.040495
0 0.142037 0.441934 0.044239 0.028447
0 0.179593 0.501171 0.046310 0.034471
0 0.120105 0.537818 0.044051 0.028782
0 0.146743 0.528782 0.045369 0.030120
0 0.182605 0.532631 0.044051 0.029116
0 0.222515 0.597390 0.046310 0.036814
1 0.234093 0.633199 0.046498 0.038822
0 0.270896 0.662651 0.036521 0.036145
0 0.303746 0.692938 0.037839 0.046519
0 0.330761 0.723561 0.034262 0.051539
0 0.364364 0.743307 0.036709 0.061580
0 0.421875 0.739123 0.035015 0.069946
0 0.405497 0.684906 0.039910 0.057229
0 0.378953 0.640730 0.037274 0.045850
0 0.350339 0.592035 0.038404 0.042838
0 0.317489 0.547356 0.043486 0.039157
0 0.272779 0.505355 0.048569 0.030120
0 0.155968 0.478916 0.043110 0.032129
0 0.206419 0.486613 0.041604 0.034806
0 0.243129 0.490797 0.041980 0.026439
0 0.207925 0.435241 0.049887 0.029116
0 0.174416 0.447289 0.040474 0.028447
0 0.342244 0.528112 0.042545 0.042838
0 0.391755 0.578983 0.038404 0.054217
0 0.420087 0.613621 0.031815 0.058568
1 0.515907 0.725569 0.035956 0.054217
0 0.483716 0.692102 0.028803 0.060241
0 0.451995 0.650937 0.033133 0.060910
0 0.481928 0.644411 0.036521 0.049197
0 0.508283 0.683568 0.037274 0.051205
0 0.551675 0.775435 0.035203 0.062249
1 0.528520 0.734438 0.035956 0.049866
0 0.451525 0.599565 0.040098 0.045850
0 0.402861 0.539659 0.039910 0.039157
0 0.249812 0.432898 0.038027 0.034471
0 0.265625 0.455823 0.035015 0.034137
0 0.291510 0.447456 0.037086 0.028112
0 0.258095 0.402610 0.040286 0.032798
0 0.293016 0.411145 0.038592 0.039157
0 0.325772 0.421185 0.040098 0.035141
0 0.323889 0.452142 0.038968 0.036814
0 0.351751 0.472222 0.039721 0.041499
0 0.382624 0.499331 0.041604 0.038153
0 0.363799 0.398092 0.041604 0.044511
0 0.313441 0.386379 0.040286 0.037149
0 0.337632 0.401272 0.041980 0.028782
0 0.392696 0.380522 0.042922 0.036145
0 0.420275 0.383534 0.039345 0.032129
0 0.438912 0.392236 0.041604 0.036814
0 0.452184 0.329819 0.040286 0.029116
0 0.457643 0.354585 0.038780 0.037149
0 0.490399 0.438253 0.038404 0.035141
0 0.525132 0.473728 0.040474 0.041165
0 0.564006 0.522590 0.037651 0.049197
0 0.605139 0.561245 0.041980 0.040161
0 0.632624 0.597055 0.036333 0.042838
0 0.661992 0.623996 0.040474 0.043173
0 0.530591 0.416834 0.041227 0.040495
0 0.470256 0.342871 0.033886 0.035810
0 0.475056 0.351573 0.039721 0.037149
0 0.500471 0.350569 0.041227 0.037149
0 0.529650 0.376673 0.037839 0.026439
0 0.575960 0.449297 0.039345 0.045850
0 0.628765 0.459003 0.036521 0.032463
0 0.558076 0.396419 0.044616 0.045181
0 0.588573 0.397256 0.034074 0.036814
0 0.610975 0.408802 0.034074 0.035141
0 0.590361 0.426539 0.041792 0.027778
0 0.636389 0.424197 0.040098 0.039826
1 0.688818 0.461011 0.043675 0.040495
0 0.663592 0.490127 0.040663 0.031794
0 0.695689 0.517403 0.041980 0.033467
0 0.721480 0.550201 0.042357 0.030790
0 0.717432 0.576807 0.041416 0.042503
0 0.680252 0.542001 0.037462 0.041834
0 0.646931 0.506526 0.035203 0.048527
0 0.610410 0.482430 0.041604 0.041834
0 0.797534 0.576138 0.031438 0.059237
0 0.770237 0.553213 0.026920 0.056225
0 0.744447 0.531124 0.032568 0.056225
0 0.718279 0.492470 0.035203 0.051874
0 0.762519 0.458501 0.044239 0.036145
0 0.770049 0.516399 0.038215 0.048193
0 0.792169 0.529618 0.032756 0.045181
0 0.819371 0.540495 0.044616 0.038822
0 0.835373 0.582497 0.032568 0.053882
0 0.958490 0.722055 0.031815 0.053213
0 0.931664 0.708835 0.032756 0.052209
0 0.900038 0.666332 0.039157 0.053548
0 0.867941 0.633032 0.035580 0.053213
1 0.926958 0.612952 0.041416 0.045850
0 0.898343 0.579987 0.043298 0.038822
0 0.843750 0.521586 0.041792 0.041165
0 0.870858 0.551874 0.043298 0.036145
0 0.803840 0.493809 0.041792 0.044511
0 0.655026 0.363454 0.038968 0.026104
0 0.670840 0.390228 0.040474 0.036145
0 0.716491 0.408969 0.038780 0.037483
0 0.687218 0.415495 0.038215 0.031794
0 0.689571 0.370147 0.035392 0.031459
0 0.710561 0.358099 0.038592 0.028112
0 0.747270 0.345047 0.037086 0.040830
0 0.783791 0.336513 0.037086 0.035141
0 0.821254 0.322791 0.036709 0.041165
0 0.856175 0.313755 0.036521 0.039157
0 0.883754 0.307731 0.029932 0.042503
0 0.914157 0.302878 0.032003 0.035475
