0 0.111069 0.457329 0.037651 0.035141
0 0.073042 0.501673 0.042545 0.030790
0 0.147120 0.448461 0.041604 0.033467
0 0.184864 0.438253 0.039533 0.031794
0 0.222609 0.430556 0.041604 0.029786
0 0.249718 0.435074 0.042733 0.033467
0 0.190606 0.524766 0.043486 0.024766
0 0.205855 0.527443 0.037839 0.028112
0 0.239081 0.529618 0.039157 0.032463
0 0.271273 0.478748 0.039910 0.035141
0 0.274285 0.537483 0.041792 0.031459
0 0.297252 0.465027 0.040663 0.029116
0 0.322195 0.476406 0.043110 0.041834
0 0.299981 0.508869 0.038592 0.035141
0 0.313441 0.537651 0.043675 0.030455
0 0.343279 0.534973 0.041604 0.031124
0 0.349774 0.459337 0.044051 0.036479
0 0.366434 0.440094 0.037839 0.031459
0 0.386483 0.449465 0.040286 0.040161
0 0.371800 0.533467 0.040286 0.032798
0 0.387142 0.536312 0.048381 0.025770
0 0.400979 0.483099 0.041039 0.031124
0 0.415098 0.425535 0.038027 0.033133
0 0.429217 0.454485 0.048193 0.032798
0 0.443712 0.417671 0.035392 0.046185
0 0.466679 0.397088 0.035392 0.035810
0 0.422252 0.532798 0.042545 0.034137
0 0.459902 0.457664 0.030120 0.023092
0 0.461126 0.472222 0.038592 0.029451
0 0.452560 0.534304 0.035768 0.029786
0 0.476280 0.536145 0.040286 0.046185
0 0.494635 0.446620 0.035956 0.031124
0 0.490587 0.459170 0.031250 0.020750
0 0.505648 0.532798 0.043298 0.042169
0 0.514966 0.482932 0.038968 0.024096
0 0.521084 0.458835 0.041416 0.025435
0 0.550358 0.440261 0.038968 0.032463
0 0.537651 0.503347 0.037651 0.024766
0 0.516849 0.558233 0.042357 0.037483
0 0.540851 0.561747 0.042169 0.033802
0 0.557700 0.473728 0.046122 0.032463
0 0.578878 0.569612 0.041416 0.036814
0 0.590832 0.467704 0.037086 0.035141
0 0.610975 0.588019 0.040851 0.036814
0 0.615211 0.469378 0.036898 0.030455
0 0.624435 0.475569 0.036145 0.038153
0 0.635448 0.550535 0.041227 0.033467
0 0.654179 0.562584 0.044051 0.038153
0 0.648155 0.585341 0.042545 0.040830
0 0.668204 0.459003 0.041227 0.033133
0 0.705384 0.462182 0.040286 0.041499
0 0.686653 0.562584 0.040851 0.035475
0 0.700772 0.576640 0.043110 0.037483
0 0.711973 0.505020 0.042922 0.041499
0 0.727880 0.486948 0.040851 0.038153
0 0.751130 0.447456 0.040286 0.030790
0 0.784544 0.455991 0.041227 0.039826
0 0.756589 0.493976 0.042545 0.040161
0 0.795557 0.506526 0.045181 0.039157
0 0.738046 0.572624 0.043110 0.042169
0 0.773249 0.609605 0.043486 0.041165
0 0.674040 0.608434 0.043486 0.044177
0 0.812877 0.613621 0.042169 0.043173
0 0.828125 0.483601 0.044804 0.030120
0 0.868411 0.488788 0.042922 0.040495
0 0.848080 0.635040 0.039910 0.041165
0 0.900320 0.470047 0.036709 0.031794
0 0.934864 0.469712 0.040286 0.040495
0 0.886672 0.625837 0.042545 0.042169
0 0.920275 0.649598 0.046122 0.032798
0 0.952748 0.470382 0.047440 0.040495
0 0.560994 0.494813 0.035015 0.026439
