0 0.102033 0.632865 0.051205 0.038153
0 0.129142 0.616633 0.051205 0.043842
0 0.171028 0.621653 0.051770 0.030455
0 0.191453 0.507865 0.038027 0.048527
0 0.227786 0.472390 0.038780 0.054552
0 0.260542 0.428882 0.029367 0.055221
0 0.291227 0.404116 0.038780 0.061914
0 0.314006 0.373494 0.030497 0.062249
0 0.212067 0.604418 0.049887 0.044846
0 0.213197 0.560241 0.057041 0.038153
0 0.226562 0.514726 0.032944 0.051539
0 0.245011 0.513722 0.034450 0.053548
1 0.248588 0.562249 0.042733 0.039491
0 0.275885 0.515730 0.045745 0.049531
0 0.288027 0.558066 0.048569 0.035141
0 0.317677 0.525770 0.044616 0.042169
0 0.336032 0.610107 0.043675 0.040830
0 0.361728 0.523594 0.044616 0.031124
0 0.367658 0.546854 0.037651 0.040830
0 0.364458 0.584337 0.043298 0.025435
0 0.375753 0.604752 0.048946 0.038153
0 0.395614 0.637550 0.045369 0.046185
0 0.397120 0.492303 0.046122 0.036145
0 0.399755 0.526941 0.039721 0.043842
0 0.414910 0.536145 0.041792 0.036145
0 0.445312 0.536145 0.043486 0.036145
0 0.429123 0.473728 0.043863 0.038487
0 0.446254 0.442269 0.046498 0.034471
0 0.417357 0.668507 0.048569 0.053213
0 0.447195 0.670348 0.041227 0.048193
0 0.478257 0.653112 0.049511 0.039826
0 0.490776 0.598226 0.050075 0.040495
0 0.512707 0.578983 0.038592 0.026774
0 0.486540 0.553380 0.048005 0.034471
0 0.523155 0.544344 0.045181 0.037818
0 0.528991 0.609772 0.042922 0.036814
0 0.515907 0.686412 0.050640 0.046854
0 0.557229 0.560743 0.045934 0.046519
0 0.557511 0.605589 0.046498 0.042503
0 0.592715 0.537316 0.047628 0.031794
0 0.626977 0.570783 0.048758 0.041834
0 0.591209 0.602410 0.043486 0.038822
0 0.554499 0.706493 0.049134 0.050201
0 0.622647 0.617972 0.049887 0.037818
0 0.588008 0.736446 0.048005 0.049197
0 0.619541 0.752510 0.050828 0.033802
0 0.653614 0.799197 0.048193 0.055556
0 0.663309 0.635375 0.047628 0.045850
0 0.698230 0.631693 0.049322 0.047189
0 0.737293 0.633701 0.048758 0.045850
0 0.773626 0.614625 0.049134 0.043842
0 0.612199 0.425033 0.037274 0.048193
0 0.652861 0.385542 0.028238 0.048193
0 0.681288 0.381024 0.043675 0.045181
0 0.697383 0.340194 0.035956 0.055890
0 0.734752 0.300870 0.036521 0.050870
0 0.750565 0.275937 0.030497 0.047858
0 0.778426 0.227075 0.031627 0.063253
0 0.688065 0.469210 0.045181 0.035475
0 0.708584 0.440763 0.033886 0.038822
0 0.737105 0.452142 0.036333 0.038822
0 0.764119 0.414324 0.041416 0.036814
0 0.782568 0.389391 0.048193 0.028447
0 0.813441 0.364960 0.040663 0.036479
0 0.843656 0.342704 0.040098 0.031459
0 0.865493 0.311914 0.035203 0.034806
