0 0.528447 0.091773 0.052878 0.049134
0 0.472892 0.122647 0.043507 0.045369
0 0.562416 0.129047 0.043842 0.043863
0 0.573293 0.169710 0.054217 0.050264
0 0.581158 0.197477 0.041834 0.039533
0 0.615797 0.200584 0.048193 0.041227
0 0.631861 0.238987 0.048193 0.043486
0 0.598561 0.234940 0.043842 0.036898
1 0.469378 0.173381 0.037149 0.048946
0 0.449297 0.216209 0.039157 0.048381
0 0.505689 0.225715 0.035475 0.060617
0 0.437249 0.269390 0.042503 0.047816
0 0.511379 0.240305 0.028782 0.032191
0 0.489625 0.276261 0.032129 0.040474
0 0.405288 0.304217 0.058233 0.043298
0 0.403447 0.338761 0.054552 0.042733
0 0.500837 0.298005 0.042503 0.044428
0 0.503514 0.326995 0.042503 0.039157
0 0.495147 0.351092 0.044511 0.045934
0 0.387383 0.378953 0.035810 0.046687
0 0.462182 0.365964 0.040161 0.049699
0 0.446118 0.387236 0.030120 0.044051
0 0.459672 0.411427 0.039157 0.044239
0 0.370984 0.427993 0.071954 0.036709
0 0.289324 0.466114 0.074632 0.042169
0 0.238956 0.501035 0.071620 0.038592
0 0.188922 0.526920 0.073293 0.035768
0 0.144076 0.558547 0.076640 0.037651
0 0.085676 0.585090 0.085676 0.039910
0 0.600402 0.260825 0.054886 0.038592
0 0.617972 0.290945 0.046519 0.041227
0 0.627175 0.318148 0.045515 0.039910
0 0.626339 0.348739 0.046519 0.044992
0 0.661312 0.372082 0.048193 0.042733
0 0.680890 0.408321 0.038487 0.036145
0 0.695448 0.446442 0.042838 0.037839
0 0.706158 0.477316 0.038153 0.040098
0 0.702309 0.510448 0.035810 0.041227
0 0.566767 0.400320 0.041834 0.038592
0 0.562082 0.418957 0.038487 0.044616
0 0.527108 0.434300 0.038153 0.042922
0 0.552376 0.448889 0.028447 0.040098
0 0.520080 0.466397 0.038822 0.040474
0 0.534973 0.487669 0.045181 0.042733
0 0.593708 0.458773 0.038822 0.038404
0 0.585341 0.478539 0.030120 0.036898
0 0.613286 0.491905 0.046519 0.034639
0 0.603414 0.514307 0.038153 0.033886
0 0.627845 0.540004 0.046185 0.036333
0 0.624665 0.567583 0.045181 0.035392
0 0.623159 0.586973 0.038822 0.034262
0 0.635710 0.623023 0.035810 0.039721
0 0.634036 0.657380 0.039157 0.035768
0 0.498661 0.516943 0.059572 0.037274
0 0.504685 0.535486 0.046854 0.041980
0 0.463688 0.552711 0.043842 0.043298
0 0.474230 0.580008 0.040161 0.044428
0 0.482764 0.612481 0.035141 0.044616
0 0.456827 0.656250 0.038153 0.045181
0 0.533635 0.612105 0.049866 0.041604
0 0.529618 0.641849 0.046519 0.041227
0 0.511881 0.674228 0.041165 0.040098
0 0.518574 0.691359 0.055890 0.038215
0 0.434906 0.689477 0.038487 0.046122
0 0.398762 0.724962 0.047189 0.045934
1 0.384371 0.723927 0.046519 0.044992
0 0.508367 0.719974 0.044177 0.039345
0 0.517570 0.752447 0.034471 0.042545
0 0.465361 0.772214 0.045850 0.047063
0 0.457162 0.813535 0.057564 0.040098
0 0.420013 0.850527 0.049531 0.040663
0 0.413153 0.881495 0.051205 0.038968
0 0.381359 0.912180 0.048527 0.041227
0 0.377343 0.944371 0.048527 0.044239
0 0.637550 0.688818 0.042169 0.036521
0 0.644746 0.722139 0.043842 0.037274
0 0.648762 0.761107 0.039826 0.038404
0 0.588855 0.701619 0.040495 0.045557
0 0.575636 0.723739 0.035475 0.042733
0 0.569110 0.752730 0.031124 0.045369
0 0.555723 0.774567 0.033133 0.048381
0 0.537149 0.808829 0.039491 0.045369
0 0.545181 0.823983 0.040830 0.037651
0 0.539324 0.867752 0.030455 0.043863
0 0.528447 0.896931 0.034806 0.040851
0 0.522256 0.935053 0.033133 0.042169
0 0.505187 0.963667 0.031794 0.050075
