0 0.058170 0.518072 0.048193 0.037483
0 0.072760 0.544511 0.046498 0.043507
0 0.102598 0.545348 0.039910 0.051874
0 0.139401 0.562584 0.040851 0.049531
0 0.157285 0.548695 0.047252 0.049866
0 0.197101 0.577979 0.045934 0.044846
0 0.243976 0.580656 0.050828 0.029451
0 0.271367 0.606091 0.046122 0.030790
0 0.302334 0.634705 0.042922 0.037149
0 0.328502 0.677209 0.045557 0.052544
0 0.222797 0.529451 0.046875 0.038822
0 0.242188 0.517570 0.040851 0.045181
0 0.268543 0.545013 0.036709 0.037818
0 0.281627 0.536145 0.039157 0.037483
0 0.308547 0.562918 0.034639 0.042169
0 0.335561 0.577477 0.036709 0.045850
0 0.364552 0.588353 0.039345 0.040830
0 0.392696 0.592704 0.039910 0.046185
0 0.432605 0.623661 0.039533 0.041834
0 0.474680 0.648427 0.041227 0.053882
0 0.506495 0.656459 0.042357 0.049866
0 0.541604 0.667169 0.037274 0.042503
0 0.455478 0.491801 0.038592 0.042503
0 0.481269 0.506191 0.043110 0.037149
0 0.524661 0.518742 0.039910 0.050870
0 0.510072 0.491466 0.036709 0.043173
0 0.544522 0.493474 0.037462 0.041165
0 0.574454 0.518574 0.038592 0.035141
0 0.595915 0.553046 0.041227 0.043842
0 0.624529 0.581995 0.041227 0.041499
0 0.671216 0.602075 0.043110 0.044177
0 0.708208 0.625669 0.039157 0.047189
0 0.736822 0.629016 0.039910 0.048527
0 0.769861 0.657129 0.034450 0.049866
0 0.798005 0.660475 0.037651 0.044511
0 0.581325 0.481593 0.041416 0.044846
0 0.600339 0.471553 0.042922 0.037483
0 0.619352 0.465361 0.039533 0.037149
0 0.651355 0.506526 0.045557 0.043842
0 0.676675 0.522925 0.038592 0.042503
0 0.705761 0.512383 0.046687 0.050870
0 0.746047 0.537483 0.045934 0.040830
0 0.784544 0.533635 0.044616 0.039157
0 0.817865 0.559237 0.042733 0.046185
0 0.850151 0.564759 0.037274 0.035141
0 0.748682 0.478916 0.044428 0.030790
0 0.787462 0.479920 0.041416 0.033467
0 0.827466 0.484605 0.038592 0.032798
0 0.868129 0.488956 0.042733 0.033467
0 0.896743 0.492805 0.042357 0.034471
0 0.921216 0.487952 0.032568 0.037483
0 0.951807 0.495984 0.030497 0.044177
0 0.966962 0.478916 0.037462 0.034137
0 0.640248 0.412316 0.041792 0.040161
0 0.668392 0.409806 0.034450 0.038487
0 0.691077 0.408969 0.036898 0.033467
0 0.718750 0.382865 0.039157 0.034806
0 0.740211 0.394244 0.043298 0.033467
0 0.766660 0.374331 0.036333 0.031124
0 0.805817 0.368139 0.037462 0.033467
0 0.826901 0.374833 0.032191 0.038153
0 0.868882 0.360776 0.044616 0.028782
0 0.879518 0.368641 0.035392 0.037149
0 0.110222 0.448461 0.043863 0.040830
0 0.126224 0.426205 0.045745 0.036479
0 0.153520 0.423695 0.030685 0.036814
0 0.175922 0.413487 0.043110 0.040495
0 0.204537 0.414993 0.037086 0.048862
0 0.221950 0.436412 0.041792 0.032798
0 0.248117 0.419177 0.045557 0.040495
0 0.288592 0.371486 0.043675 0.042838
0 0.340832 0.361278 0.044616 0.042503
0 0.369823 0.340529 0.041980 0.041834
0 0.405591 0.334839 0.038968 0.046519
0 0.426958 0.301539 0.040286 0.040830
0 0.462067 0.304719 0.037086 0.043173
0 0.322854 0.402108 0.042169 0.037818
0 0.350998 0.400435 0.042733 0.032463
0 0.378200 0.404284 0.041792 0.041499
0 0.395425 0.385375 0.034827 0.027108
0 0.413686 0.397925 0.038592 0.039491
0 0.435523 0.409806 0.043486 0.043173
0 0.459526 0.398594 0.037651 0.040830
0 0.479575 0.360442 0.043863 0.035475
0 0.522590 0.355087 0.042169 0.043507
0 0.551205 0.328146 0.034639 0.031794
0 0.582925 0.321285 0.040098 0.039491
0 0.608622 0.305723 0.033509 0.035810
0 0.628294 0.310241 0.040851 0.034806
