0 0.472892 0.124812 0.026774 0.032003
0 0.486780 0.142131 0.024431 0.027861
0 0.500502 0.178652 0.029786 0.027485
0 0.499163 0.197854 0.028447 0.032003
0 0.528614 0.212914 0.027108 0.029744
0 0.533969 0.238893 0.033802 0.028238
0 0.498159 0.240023 0.021084 0.029367
0 0.511881 0.248212 0.027108 0.026544
0 0.551037 0.265437 0.025770 0.027861
0 0.498159 0.267508 0.026439 0.030873
0 0.525435 0.278897 0.017403 0.029556
0 0.509538 0.294992 0.014391 0.025226
0 0.552544 0.296122 0.024096 0.031250
0 0.539993 0.308076 0.021084 0.025791
0 0.519746 0.310712 0.019411 0.025038
0 0.511546 0.322383 0.021084 0.029932
0 0.557396 0.329443 0.025770 0.028614
0 0.546185 0.340079 0.025435 0.023908
0 0.497825 0.340173 0.025770 0.025979
0 0.534806 0.355610 0.026104 0.025979
0 0.559070 0.358340 0.021084 0.027673
0 0.498661 0.358810 0.020750 0.023720
0 0.518240 0.371047 0.021754 0.025979
0 0.494478 0.376883 0.015060 0.025226
0 0.507697 0.384036 0.023427 0.023343
0 0.479585 0.390060 0.025435 0.025602
0 0.588019 0.379706 0.032129 0.026355
0 0.478414 0.409544 0.021754 0.029179
0 0.506693 0.403614 0.022758 0.028614
0 0.584505 0.406721 0.021084 0.029932
0 0.595047 0.429405 0.026774 0.027861
0 0.603916 0.447854 0.025100 0.027108
0 0.623327 0.473080 0.021754 0.028991
0 0.507363 0.424416 0.029451 0.025038
0 0.468373 0.432700 0.021754 0.027673
0 0.535810 0.428840 0.027443 0.029367
0 0.520750 0.441265 0.024766 0.025602
0 0.504518 0.442677 0.025100 0.024661
0 0.457329 0.456231 0.019746 0.029179
0 0.444277 0.479292 0.021084 0.027485
0 0.428380 0.499247 0.018742 0.028238
0 0.410810 0.520049 0.021754 0.029179
0 0.490797 0.466397 0.025100 0.028803
0 0.483601 0.489081 0.028782 0.024096
0 0.468373 0.511107 0.025770 0.025979
0 0.457664 0.534450 0.024431 0.024849
0 0.452811 0.557888 0.024766 0.027673
0 0.521754 0.458396 0.029451 0.025602
0 0.540495 0.472703 0.024766 0.028238
0 0.532798 0.488422 0.024766 0.027673
0 0.516232 0.503577 0.026439 0.028238
1 0.523092 0.518825 0.027443 0.028238
0 0.558066 0.507530 0.023092 0.024096
0 0.548025 0.526167 0.019076 0.022214
0 0.520080 0.538498 0.029451 0.026167
0 0.551539 0.544334 0.024096 0.026167
0 0.573293 0.545840 0.023427 0.026544
0 0.535977 0.556476 0.027108 0.028238
0 0.569946 0.564288 0.022758 0.025038
0 0.528112 0.578313 0.025435 0.030120
0 0.507195 0.584149 0.025770 0.028238
0 0.564759 0.577466 0.027778 0.026167
0 0.559572 0.594315 0.028112 0.025979
0 0.539157 0.600151 0.024766 0.025226
0 0.497992 0.613234 0.029451 0.025791
0 0.513220 0.615305 0.018407 0.022779
0 0.532463 0.620953 0.024096 0.026544
0 0.570783 0.622082 0.023762 0.029932
0 0.528782 0.642131 0.021419 0.027861
0 0.560576 0.642696 0.026104 0.024849
0 0.491299 0.631965 0.026774 0.022590
0 0.480924 0.647308 0.024766 0.028050
0 0.482597 0.657474 0.022758 0.025038
0 0.546185 0.664533 0.020750 0.028991
0 0.568775 0.667922 0.025100 0.027108
1 0.543675 0.680346 0.020415 0.024096
0 0.561245 0.691642 0.023427 0.025226
0 0.574465 0.714797 0.025100 0.028238
1 0.539659 0.692489 0.022423 0.025791
0 0.476406 0.680535 0.029116 0.028238
0 0.463855 0.691924 0.023427 0.025414
0 0.453313 0.718750 0.028447 0.026732
0 0.444946 0.735316 0.026439 0.022214
0 0.449799 0.756965 0.026774 0.030120
0 0.535141 0.710843 0.024766 0.026355
0 0.503681 0.718656 0.023427 0.025038
0 0.506359 0.735881 0.025435 0.023343
0 0.493641 0.757718 0.023427 0.024849
0 0.534471 0.733340 0.024096 0.026920
0 0.532965 0.749906 0.023092 0.026167
0 0.471051 0.772308 0.023762 0.028803
0 0.464859 0.788968 0.026774 0.024849
0 0.524096 0.777579 0.024096 0.029556
0 0.448795 0.812782 0.027443 0.026167
0 0.439926 0.833584 0.027778 0.022590
0 0.421185 0.856269 0.025770 0.027297
0 0.425535 0.874435 0.023092 0.029367
0 0.518574 0.795745 0.019746 0.026732
0 0.509203 0.818336 0.023092 0.028614
0 0.501171 0.833208 0.022423 0.028614
0 0.486111 0.849680 0.022423 0.029932
