0 0.947101 0.551539 0.041039 0.034806
0 0.938347 0.532129 0.038592 0.033467
0 0.913027 0.526606 0.045934 0.032463
0 0.911898 0.560910 0.044428 0.038822
0 0.883283 0.557898 0.047816 0.037483
0 0.838761 0.556058 0.046122 0.033802
0 0.870011 0.522925 0.036709 0.034471
0 0.834526 0.522590 0.041039 0.041165
0 0.804688 0.557396 0.042357 0.037818
0 0.796687 0.516734 0.038027 0.033467
0 0.778803 0.519913 0.041416 0.043173
0 0.762331 0.559237 0.048381 0.032798
0 0.751318 0.529284 0.044428 0.045181
0 0.766849 0.485274 0.041980 0.039491
0 0.746141 0.468373 0.042733 0.039826
0 0.715550 0.508534 0.045934 0.031124
0 0.730233 0.554384 0.045557 0.041165
0 0.706890 0.539157 0.048193 0.039491
0 0.676958 0.552041 0.048193 0.033133
0 0.707831 0.484438 0.039910 0.043842
1 0.675264 0.473896 0.045557 0.034806
0 0.659639 0.580154 0.050075 0.040495
0 0.626977 0.593708 0.047252 0.044846
0 0.591209 0.565596 0.045745 0.048193
0 0.635730 0.475402 0.044804 0.041165
0 0.626035 0.506526 0.044992 0.027108
0 0.602692 0.496486 0.042733 0.028447
0 0.553558 0.564090 0.044992 0.049197
0 0.575772 0.488454 0.040851 0.030455
0 0.554970 0.489123 0.036898 0.033802
0 0.516190 0.534471 0.047816 0.041499
0 0.522120 0.495984 0.041227 0.033467
0 0.538121 0.512885 0.043110 0.035141
0 0.672063 0.363454 0.042169 0.028112
0 0.645237 0.386044 0.040851 0.027108
0 0.613893 0.400268 0.043675 0.028782
0 0.587538 0.417001 0.043298 0.031459
0 0.557605 0.434404 0.041792 0.033467
0 0.519861 0.454150 0.043486 0.030120
0 0.490117 0.556894 0.049887 0.038153
0 0.458678 0.574799 0.045745 0.045850
0 0.492282 0.433902 0.041039 0.040495
0 0.480045 0.414157 0.035768 0.040495
0 0.459808 0.450971 0.047252 0.040495
0 0.442865 0.480589 0.042357 0.030790
0 0.421593 0.497490 0.038215 0.037818
0 0.440136 0.544177 0.041792 0.037483
0 0.407850 0.547189 0.043486 0.039491
0 0.425734 0.583835 0.045745 0.033802
0 0.456043 0.410977 0.042733 0.038822
0 0.429593 0.413822 0.039157 0.035141
0 0.398343 0.431225 0.038780 0.040495
0 0.403991 0.482095 0.038027 0.048527
0 0.385730 0.563086 0.041792 0.036479
0 0.356834 0.564090 0.040851 0.033133
0 0.319465 0.559070 0.046687 0.033802
0 0.371800 0.437751 0.038027 0.039491
0 0.346762 0.459337 0.042545 0.043173
0 0.319089 0.454987 0.049322 0.040495
0 0.299793 0.497323 0.048381 0.040161
0 0.277297 0.554719 0.047440 0.033133
0 0.246517 0.541165 0.047628 0.033467
0 0.229575 0.549699 0.043486 0.029786
0 0.297910 0.457664 0.040851 0.036479
0 0.273061 0.481258 0.040851 0.040161
0 0.266002 0.472724 0.037651 0.029786
0 0.230704 0.479752 0.043486 0.035810
0 0.204913 0.520750 0.051770 0.038153
0 0.172063 0.505355 0.042922 0.037483
0 0.141755 0.526439 0.047063 0.040830
0 0.114175 0.547021 0.047252 0.035141
0 0.085090 0.531292 0.048946 0.037149
0 0.049511 0.544511 0.044428 0.038153
