0 0.049793 0.514726 0.037462 0.026104
0 0.088197 0.526774 0.035203 0.024096
0 0.078125 0.500167 0.046310 0.023762
0 0.103727 0.491131 0.037651 0.038487
0 0.125471 0.539993 0.044616 0.034471
0 0.173475 0.554217 0.041604 0.028112
0 0.134319 0.513554 0.034827 0.048527
0 0.148155 0.510040 0.041792 0.044177
0 0.161521 0.518742 0.041792 0.037483
0 0.202560 0.567604 0.040286 0.034806
0 0.244258 0.588521 0.039345 0.037818
0 0.184017 0.500669 0.039721 0.020080
0 0.209620 0.504853 0.032568 0.025100
0 0.240587 0.453983 0.038404 0.022423
1 0.213950 0.471051 0.038215 0.021754
0 0.271743 0.398092 0.031815 0.043173
0 0.295745 0.401774 0.034639 0.035810
0 0.241152 0.490964 0.036145 0.039491
0 0.221009 0.537316 0.039533 0.034471
0 0.232116 0.551874 0.036521 0.031459
0 0.260260 0.556225 0.034450 0.024096
0 0.278520 0.598394 0.037462 0.040161
0 0.267225 0.501171 0.035956 0.030455
0 0.286709 0.493976 0.035392 0.029451
0 0.310429 0.486111 0.035015 0.030455
0 0.327090 0.493976 0.036333 0.036145
0 0.341867 0.409471 0.041792 0.034471
0 0.371141 0.377343 0.037086 0.033802
0 0.350527 0.507865 0.035768 0.030455
0 0.312029 0.610442 0.040098 0.040830
0 0.307888 0.568775 0.042733 0.029786
0 0.340267 0.586847 0.038215 0.031794
0 0.367846 0.605087 0.038027 0.035475
0 0.388084 0.635877 0.043110 0.045515
0 0.426581 0.643072 0.041792 0.043173
0 0.460279 0.657798 0.039533 0.031794
0 0.362669 0.544511 0.033321 0.039491
0 0.386295 0.561078 0.030873 0.032463
0 0.421216 0.564090 0.039345 0.043173
0 0.459808 0.574632 0.039345 0.039491
0 0.445783 0.517403 0.036521 0.024766
0 0.465267 0.515060 0.034827 0.022088
0 0.573889 0.442938 0.040851 0.035810
0 0.592620 0.445616 0.030497 0.034471
0 0.494541 0.560074 0.041416 0.035141
0 0.520708 0.568440 0.040663 0.029786
0 0.548475 0.597055 0.039345 0.042169
0 0.569842 0.618976 0.036898 0.045181
0 0.490117 0.510877 0.034074 0.026439
0 0.511013 0.516734 0.032191 0.032798
0 0.533509 0.512550 0.034262 0.031124
0 0.554405 0.524096 0.033509 0.030120
0 0.574172 0.521586 0.032003 0.031124
0 0.604292 0.536814 0.042545 0.034137
0 0.636107 0.546519 0.037651 0.032798
0 0.671875 0.549866 0.035768 0.038153
0 0.699925 0.556058 0.037274 0.039157
0 0.730045 0.559237 0.031627 0.034137
0 0.395614 0.407631 0.032568 0.040830
0 0.407474 0.397256 0.023155 0.052878
0 0.429499 0.379685 0.024285 0.049197
0 0.447007 0.372825 0.027673 0.042838
0 0.406344 0.371653 0.034074 0.029786
0 0.432229 0.346386 0.031627 0.030790
0 0.469032 0.368474 0.024285 0.046854
0 0.497176 0.353414 0.032003 0.033467
0 0.458584 0.336513 0.030497 0.030455
0 0.484469 0.324967 0.031815 0.037483
0 0.508660 0.316432 0.034639 0.042503
0 0.530309 0.340361 0.032756 0.040830
0 0.565794 0.324297 0.032191 0.042169
0 0.590832 0.295348 0.025791 0.051874
0 0.619635 0.279116 0.026167 0.045515
0 0.643919 0.253514 0.023532 0.040495
0 0.686747 0.210676 0.028614 0.036479
0 0.668016 0.240295 0.026544 0.034137
0 0.611352 0.456995 0.038215 0.036479
0 0.629142 0.463186 0.034639 0.040161
0 0.647590 0.469880 0.026732 0.028112
0 0.672063 0.504518 0.035392 0.029786
0 0.693148 0.507195 0.034639 0.029116
0 0.716114 0.494311 0.042545 0.036145
0 0.732304 0.475234 0.030497 0.025435
0 0.657285 0.437584 0.034827 0.031794
0 0.682041 0.427878 0.034262 0.031794
0 0.713855 0.423360 0.037651 0.043507
0 0.744070 0.395248 0.035580 0.034806
0 0.771649 0.386714 0.033509 0.036479
0 0.795087 0.372825 0.029556 0.033467
0 0.818336 0.371486 0.032003 0.031459
0 0.760448 0.507865 0.040851 0.040495
0 0.772120 0.538153 0.032944 0.030790
0 0.796593 0.527108 0.035580 0.034806
0 0.819842 0.521419 0.035392 0.038822
0 0.759224 0.461345 0.031250 0.031794
0 0.780026 0.466533 0.032191 0.036145
0 0.796593 0.490964 0.035203 0.029451
0 0.823136 0.470214 0.031815 0.041499
0 0.858340 0.476071 0.031062 0.031794
0 0.850056 0.535308 0.038968 0.035141
0 0.886107 0.530622 0.039533 0.038487
0 0.879706 0.443608 0.035015 0.027778
0 0.907568 0.461680 0.035015 0.025770
0 0.921593 0.447791 0.031815 0.030790
0 0.914533 0.547356 0.042169 0.038487
0 0.944465 0.548193 0.039533 0.029451
0 0.960184 0.577979 0.035580 0.034806
