0 0.273092 0.121988 0.050870 0.032380
0 0.298862 0.152956 0.043507 0.035580
0 0.358266 0.169898 0.045850 0.035203
0 0.401272 0.205572 0.050870 0.034639
0 0.446620 0.240305 0.042503 0.033697
0 0.501673 0.278144 0.054217 0.026920
0 0.543675 0.303652 0.049866 0.035392
0 0.415997 0.242376 0.046185 0.033321
0 0.426372 0.268355 0.031459 0.030685
0 0.454652 0.277391 0.044511 0.027297
0 0.407965 0.290757 0.030790 0.035203
0 0.464023 0.300169 0.046519 0.027673
0 0.481760 0.322948 0.043842 0.029556
0 0.423527 0.320689 0.034471 0.035203
0 0.440763 0.352974 0.026104 0.037274
0 0.482597 0.355704 0.028782 0.035203
0 0.462517 0.376412 0.028782 0.036333
0 0.504518 0.370764 0.036479 0.034074
0 0.526272 0.385448 0.032463 0.029556
0 0.490797 0.394484 0.036479 0.032191
0 0.531794 0.405779 0.033467 0.032944
0 0.457831 0.412462 0.026774 0.039910
0 0.501339 0.426487 0.030120 0.031815
0 0.533802 0.429311 0.042838 0.028803
0 0.472390 0.445312 0.029116 0.035580
0 0.506861 0.456702 0.031124 0.030120
0 0.526439 0.450960 0.033467 0.034827
0 0.548527 0.466679 0.035475 0.034639
0 0.477744 0.487011 0.023092 0.039910
0 0.509538 0.482869 0.026439 0.035392
0 0.537316 0.497364 0.031124 0.037274
0 0.578983 0.474774 0.026774 0.035015
0 0.602075 0.495670 0.031459 0.032380
0 0.610442 0.523343 0.036145 0.028991
0 0.503179 0.519484 0.032463 0.036709
0 0.491633 0.527673 0.028112 0.036521
0 0.502175 0.563630 0.027778 0.036521
0 0.537651 0.537274 0.036479 0.035768
0 0.553882 0.563818 0.031459 0.035768
0 0.552544 0.597892 0.030120 0.035768
0 0.559404 0.622741 0.025100 0.032380
0 0.545683 0.646649 0.031794 0.036521
0 0.591198 0.538592 0.032463 0.030120
0 0.586680 0.562877 0.028112 0.032380
0 0.594210 0.577748 0.030455 0.033886
0 0.620649 0.581325 0.032463 0.036521
0 0.618307 0.605139 0.028447 0.029932
0 0.634873 0.625847 0.034806 0.035203
0 0.602075 0.635919 0.032798 0.036145
0 0.639558 0.651544 0.031459 0.035015
0 0.645750 0.662368 0.030455 0.027297
0 0.603581 0.663027 0.026439 0.036145
0 0.680054 0.650979 0.030790 0.033509
0 0.678213 0.673946 0.029116 0.028991
0 0.639726 0.684111 0.031794 0.032003
0 0.606760 0.695030 0.026774 0.035768
0 0.631359 0.713102 0.035141 0.036521
0 0.608601 0.724586 0.029116 0.031250
0 0.609438 0.747835 0.027443 0.035203
0 0.638052 0.747835 0.027778 0.036333
0 0.626004 0.778897 0.031124 0.038968
0 0.620315 0.810617 0.028447 0.035015
0 0.618976 0.832455 0.027108 0.030873
0 0.690930 0.697948 0.031124 0.032568
0 0.693106 0.725715 0.029451 0.033509
0 0.688253 0.760072 0.028447 0.035203
0 0.689926 0.796875 0.025770 0.038027
0 0.684739 0.825678 0.027443 0.037274
0 0.674699 0.855798 0.030790 0.034639
0 0.660308 0.869447 0.030120 0.037462
