0 0.392570 0.077560 0.028112 0.032756
0 0.395582 0.109187 0.028782 0.038404
0 0.403614 0.147308 0.036814 0.038215
0 0.408467 0.195218 0.028447 0.041416
0 0.400937 0.230986 0.028782 0.037651
0 0.391399 0.264307 0.026439 0.037274
0 0.371486 0.298569 0.030120 0.038404
1 0.436078 0.181005 0.014056 0.035956
1 0.451473 0.198701 0.021419 0.028803
0 0.440763 0.213385 0.028782 0.033321
0 0.433902 0.224209 0.019076 0.032756
0 0.437751 0.246800 0.028782 0.032380
0 0.426707 0.277391 0.024766 0.031438
0 0.430054 0.304311 0.027443 0.033697
0 0.507028 0.253577 0.036814 0.033509
0 0.517068 0.279179 0.032798 0.034639
0 0.521586 0.314100 0.031124 0.035956
1 0.478079 0.318712 0.032463 0.035392
0 0.505857 0.331231 0.035141 0.038592
1 0.467369 0.345538 0.025100 0.029179
0 0.444444 0.354951 0.030120 0.033321
0 0.520750 0.355139 0.038153 0.035956
0 0.404786 0.327372 0.027778 0.034262
0 0.395248 0.357116 0.020750 0.031627
0 0.392570 0.383942 0.026774 0.035956
0 0.387383 0.410674 0.028447 0.033697
0 0.394076 0.436465 0.027108 0.035203
0 0.474063 0.375000 0.035810 0.035768
0 0.463855 0.396555 0.036814 0.031815
0 0.514726 0.385260 0.031459 0.035956
0 0.469043 0.418110 0.033133 0.033509
0 0.500335 0.418863 0.025435 0.036145
0 0.464023 0.452372 0.034471 0.033509
0 0.492637 0.454255 0.027443 0.035768
0 0.511546 0.455761 0.027778 0.032003
0 0.504853 0.472327 0.027778 0.028238
0 0.446954 0.483340 0.035810 0.033697
0 0.476573 0.482869 0.032129 0.035768
1 0.512885 0.495858 0.020415 0.033509
0 0.562751 0.495011 0.029116 0.035956
0 0.558066 0.509977 0.033802 0.034262
0 0.524431 0.510730 0.033467 0.029744
0 0.520248 0.534450 0.033802 0.036145
0 0.469210 0.516472 0.024766 0.037462
0 0.428548 0.516566 0.031794 0.037651
1 0.452477 0.546875 0.026104 0.038027
0 0.553380 0.533980 0.027778 0.034827
0 0.580823 0.541604 0.033802 0.034262
0 0.422356 0.551581 0.027443 0.032756
0 0.427041 0.576995 0.034806 0.033886
0 0.415830 0.602127 0.029786 0.035203
0 0.512550 0.567112 0.033802 0.034074
0 0.524933 0.593468 0.031124 0.034450
0 0.586847 0.561841 0.042503 0.028426
0 0.587851 0.583114 0.034471 0.031438
0 0.575469 0.600715 0.031794 0.037274
0 0.510040 0.623965 0.036145 0.034450
0 0.522423 0.650038 0.034806 0.034262
0 0.506526 0.675828 0.030455 0.030120
0 0.498494 0.705666 0.026439 0.035956
0 0.559906 0.635072 0.022758 0.040474
0 0.592537 0.626883 0.030455 0.034262
0 0.588353 0.655026 0.040161 0.034450
0 0.583333 0.673193 0.026104 0.030497
0 0.606760 0.678464 0.033467 0.034262
0 0.562416 0.691171 0.027778 0.034074
0 0.568942 0.715832 0.026104 0.033321
0 0.615295 0.691359 0.032463 0.023532
0 0.604920 0.705666 0.035810 0.034450
0 0.622155 0.714420 0.037483 0.032380
0 0.551539 0.730798 0.026104 0.033133
0 0.549866 0.749812 0.029451 0.033133
1 0.557062 0.781438 0.032463 0.039157
0 0.606258 0.739458 0.035141 0.035015
0 0.624163 0.733904 0.037483 0.029932
1 0.621653 0.754142 0.031124 0.028991
0 0.605589 0.777203 0.033133 0.038215
1 0.544679 0.804876 0.022423 0.033697
1 0.546519 0.835279 0.034806 0.036521
1 0.547523 0.852127 0.025435 0.029932
1 0.570616 0.875377 0.036145 0.032003
1 0.633367 0.794616 0.027778 0.036898
1 0.625837 0.826525 0.038822 0.032944
1 0.626004 0.858810 0.029786 0.032756
1 0.615629 0.884695 0.035810 0.034074
1 0.611613 0.916133 0.028447 0.033321
