0 0.638220 0.043675 0.024096 0.039910
0 0.651606 0.072666 0.026774 0.034262
0 0.633869 0.097327 0.023427 0.036145
0 0.644746 0.122459 0.025100 0.034074
0 0.641901 0.176205 0.031459 0.038780
0 0.638554 0.195595 0.029451 0.037274
0 0.625167 0.216397 0.036814 0.036709
0 0.614458 0.251883 0.034806 0.033886
0 0.697456 0.227127 0.031459 0.027673
0 0.673360 0.223739 0.024766 0.026544
0 0.690596 0.241717 0.040495 0.029744
0 0.608099 0.286521 0.026774 0.036521
0 0.654284 0.254518 0.016734 0.031250
0 0.689090 0.270237 0.022088 0.032944
0 0.651439 0.277673 0.020415 0.031250
0 0.636546 0.282380 0.026104 0.031627
0 0.628681 0.304405 0.034471 0.028238
0 0.655622 0.305346 0.024096 0.033886
0 0.688420 0.296781 0.025435 0.032191
0 0.704317 0.319559 0.028447 0.028426
0 0.711011 0.342432 0.035810 0.028991
0 0.667503 0.328219 0.027778 0.032568
0 0.628514 0.327654 0.024096 0.031062
0 0.631359 0.350998 0.027778 0.032191
0 0.586513 0.319936 0.027778 0.034074
0 0.598728 0.334996 0.032798 0.028803
0 0.553046 0.351374 0.039157 0.035580
0 0.589525 0.362764 0.034471 0.027108
0 0.589357 0.388931 0.030790 0.033133
0 0.681560 0.353351 0.029786 0.032380
0 0.719880 0.368129 0.028112 0.029556
0 0.705154 0.378859 0.032129 0.030309
0 0.669679 0.387236 0.026104 0.033886
0 0.525435 0.380459 0.032129 0.034639
0 0.546519 0.395331 0.049531 0.025602
0 0.544511 0.413498 0.041499 0.028426
0 0.514056 0.426299 0.043507 0.034827
0 0.463186 0.440794 0.055556 0.025414
1 0.658467 0.422252 0.027108 0.034639
0 0.706325 0.401732 0.023762 0.026355
0 0.698461 0.419804 0.026104 0.032003
0 0.717704 0.438159 0.021754 0.034074
0 0.714525 0.469127 0.025435 0.032380
0 0.653614 0.447101 0.027443 0.035768
0 0.605924 0.445783 0.031124 0.035392
0 0.585676 0.462632 0.029451 0.031438
0 0.574297 0.483340 0.030790 0.031438
0 0.558568 0.483904 0.030790 0.032191
0 0.528280 0.501035 0.032463 0.029556
0 0.634705 0.476845 0.021084 0.035015
0 0.653614 0.480422 0.017403 0.031627
0 0.610609 0.492752 0.033133 0.028803
0 0.612282 0.508754 0.023092 0.031062
0 0.652945 0.516190 0.028782 0.035392
0 0.716031 0.507342 0.021754 0.029367
0 0.712684 0.536427 0.029786 0.028803
0 0.709337 0.560900 0.026439 0.031438
0 0.695616 0.583490 0.034471 0.033697
0 0.631693 0.532191 0.025770 0.033133
0 0.628681 0.552899 0.033133 0.035392
0 0.622657 0.570218 0.025770 0.033509
0 0.628347 0.586032 0.027778 0.035015
0 0.622323 0.607022 0.029116 0.033321
0 0.606928 0.643261 0.027778 0.033509
0 0.604250 0.677523 0.029116 0.034639
0 0.592871 0.705478 0.022423 0.032944
0 0.574632 0.732963 0.027443 0.037462
0 0.559906 0.749812 0.030790 0.036521
0 0.549699 0.778991 0.031124 0.036521
0 0.413989 0.470350 0.058902 0.025791
0 0.374163 0.486352 0.061580 0.020520
0 0.336847 0.505271 0.061245 0.021837
0 0.290495 0.524473 0.058902 0.024096
0 0.247825 0.546122 0.064592 0.026355
0 0.458668 0.522026 0.042503 0.033133
1 0.490295 0.516378 0.036814 0.030873
0 0.417001 0.557982 0.046185 0.030497
0 0.370984 0.568712 0.055221 0.026355
0 0.348226 0.593185 0.057229 0.024849
0 0.288655 0.604480 0.059906 0.027861
0 0.244813 0.624623 0.059237 0.030873
0 0.542169 0.556194 0.036145 0.032568
0 0.541332 0.575866 0.043173 0.030120
1 0.518407 0.592620 0.031459 0.034262
0 0.494143 0.600527 0.056560 0.028238
0 0.479418 0.618411 0.049866 0.027108
0 0.467369 0.637331 0.042503 0.026544
0 0.460843 0.650320 0.044846 0.031438
0 0.423025 0.675358 0.044846 0.028803
0 0.397423 0.702372 0.037818 0.033509
0 0.367303 0.726657 0.053213 0.030873
0 0.347724 0.744447 0.052878 0.030309
0 0.319444 0.771461 0.049866 0.028614
0 0.518909 0.661615 0.034471 0.034827
0 0.500837 0.673758 0.024431 0.035392
0 0.478581 0.688912 0.034137 0.032568
1 0.435910 0.713573 0.041165 0.034827
0 0.405288 0.745670 0.032798 0.037274
0 0.343708 0.783415 0.048193 0.034450
0 0.299029 0.806947 0.046519 0.031062
0 0.255857 0.826148 0.049197 0.032568
0 0.208668 0.844597 0.052544 0.032568
0 0.487115 0.729857 0.033802 0.035392
0 0.478581 0.755742 0.042169 0.035203
0 0.442102 0.780873 0.046185 0.036521
0 0.470716 0.779462 0.029786 0.032568
0 0.503514 0.790851 0.031794 0.033133
0 0.498494 0.821160 0.029116 0.034262
0 0.454317 0.807794 0.041165 0.030873
0 0.435241 0.837632 0.042503 0.033697
0 0.465194 0.847986 0.036145 0.037462
0 0.407129 0.862669 0.040495 0.034074
0 0.384036 0.893825 0.053882 0.031627
0 0.352410 0.916416 0.060241 0.030120
0 0.331995 0.945218 0.058233 0.032003
0 0.448461 0.883660 0.038822 0.039533
0 0.415997 0.917075 0.036814 0.035203
0 0.385877 0.944277 0.050870 0.032380
0 0.348226 0.966491 0.040495 0.039157
