0 0.546854 0.069089 0.041499 0.046310
1 0.515897 0.097044 0.049866 0.040098
0 0.550703 0.125659 0.050535 0.043863
0 0.476406 0.137331 0.051205 0.035956
0 0.458166 0.168957 0.052209 0.046498
0 0.514056 0.141660 0.050201 0.037462
0 0.494980 0.176675 0.060241 0.036333
0 0.592202 0.138178 0.032463 0.045557
0 0.593708 0.162086 0.029451 0.042545
0 0.570783 0.190889 0.043173 0.042545
0 0.531961 0.208396 0.043173 0.042169
0 0.512550 0.233998 0.044511 0.047440
1 0.492470 0.202184 0.048527 0.034639
0 0.436580 0.205196 0.053882 0.039157
0 0.417169 0.239175 0.055890 0.043110
0 0.455321 0.239740 0.040495 0.042357
1 0.488956 0.225245 0.046854 0.041227
0 0.412316 0.269296 0.059572 0.042357
0 0.512216 0.279650 0.042503 0.045369
0 0.385877 0.306852 0.060241 0.040663
0 0.333501 0.327090 0.067938 0.044616
0 0.296352 0.365023 0.061245 0.041039
0 0.463855 0.300075 0.061580 0.045181
0 0.427209 0.335561 0.060576 0.039721
0 0.393407 0.358528 0.054552 0.045745
0 0.353246 0.402673 0.057898 0.045934
0 0.250167 0.400885 0.063922 0.050640
1 0.564926 0.261766 0.039491 0.045745
0 0.569946 0.288592 0.043507 0.049699
0 0.524598 0.308923 0.045181 0.038404
0 0.520917 0.327843 0.049197 0.038592
0 0.551707 0.331325 0.037149 0.041792
0 0.515730 0.356457 0.048193 0.044992
0 0.470716 0.372647 0.061245 0.043110
0 0.457664 0.402767 0.055221 0.046122
0 0.436412 0.428652 0.048862 0.051581
0 0.394076 0.445218 0.069277 0.041416
0 0.369311 0.481928 0.063922 0.043298
0 0.328983 0.515625 0.074297 0.042922
0 0.310408 0.544428 0.071285 0.036898
0 0.270750 0.577278 0.064257 0.044992
0 0.667503 0.355610 0.046519 0.036521
0 0.678715 0.379142 0.051539 0.037651
0 0.685743 0.393543 0.052878 0.032568
0 0.683902 0.403332 0.057898 0.045745
0 0.699297 0.431099 0.056560 0.034262
0 0.713688 0.454725 0.052544 0.034074
0 0.713186 0.474868 0.066934 0.044239
0 0.717704 0.496423 0.068608 0.036521
0 0.721218 0.518261 0.055556 0.034262
0 0.733768 0.545087 0.041834 0.043863
0 0.720047 0.565324 0.037818 0.049699
0 0.713353 0.603633 0.035810 0.045369
0 0.715194 0.657285 0.032129 0.050640
0 0.710174 0.689194 0.032129 0.043675
0 0.706827 0.723550 0.031459 0.042733
0 0.701305 0.754518 0.034471 0.046687
1 0.585341 0.401732 0.038822 0.042545
0 0.581325 0.423381 0.045515 0.041039
0 0.585174 0.444842 0.039157 0.042169
0 0.579317 0.479386 0.041499 0.041980
0 0.589023 0.502353 0.036814 0.043486
0 0.549531 0.515060 0.044177 0.046687
0 0.573293 0.530403 0.032129 0.037839
0 0.535810 0.542075 0.039491 0.039345
0 0.561747 0.557794 0.042503 0.042922
0 0.478748 0.575866 0.062584 0.039910
0 0.419846 0.597139 0.071285 0.039910
0 0.391734 0.633754 0.064592 0.043110
0 0.342871 0.657850 0.067269 0.039345
0 0.310408 0.695501 0.055890 0.039345
0 0.240629 0.721950 0.074297 0.042169
0 0.648929 0.602880 0.040830 0.039721
0 0.669344 0.635166 0.039491 0.041792
0 0.660810 0.661803 0.050535 0.043110
0 0.634705 0.684206 0.038487 0.045745
0 0.632028 0.714797 0.037149 0.044804
0 0.635207 0.748682 0.033467 0.045934
0 0.671854 0.743129 0.040495 0.046122
0 0.668675 0.785203 0.046185 0.046687
0 0.647758 0.816547 0.035810 0.045369
0 0.677209 0.843938 0.048527 0.044428
0 0.664659 0.877071 0.040830 0.038404
0 0.691600 0.905591 0.037149 0.043110
0 0.675201 0.936276 0.041834 0.044616
0 0.608768 0.634977 0.036814 0.049322
0 0.586345 0.653897 0.032129 0.045369
0 0.586011 0.694371 0.034137 0.043110
0 0.547523 0.723550 0.050870 0.047628
0 0.527610 0.762142 0.055890 0.043863
0 0.523427 0.800358 0.052878 0.047252
0 0.484940 0.807605 0.044846 0.050828
0 0.436747 0.836596 0.066934 0.049322
0 0.426372 0.881871 0.054217 0.048758
0 0.375167 0.906532 0.064257 0.054405
0 0.366299 0.948513 0.054552 0.047628
0 0.310241 0.973362 0.064926 0.053276
