0 0.937218 0.315094 0.037462 0.040495
0 0.907756 0.345214 0.024473 0.039157
0 0.911898 0.350904 0.025979 0.041834
0 0.881306 0.363119 0.030685 0.044846
0 0.849398 0.397590 0.030873 0.045515
0 0.816547 0.432062 0.033321 0.047523
0 0.970727 0.538655 0.037839 0.036479
0 0.938535 0.515897 0.037086 0.027778
0 0.906532 0.528782 0.040851 0.041499
0 0.867093 0.511546 0.041039 0.032463
0 0.831514 0.506693 0.038027 0.031459
0 0.791227 0.507195 0.035392 0.032463
0 0.767696 0.510877 0.041416 0.034471
0 0.767131 0.458501 0.036521 0.036814
0 0.738611 0.470716 0.039345 0.039157
0 0.711691 0.468876 0.035956 0.028112
0 0.861916 0.664324 0.041227 0.038822
0 0.827560 0.646084 0.036521 0.039826
0 0.791039 0.633032 0.040663 0.038487
0 0.752730 0.610776 0.043110 0.040830
0 0.705666 0.587015 0.044239 0.042838
0 0.681664 0.579150 0.044051 0.039826
0 0.676205 0.484772 0.034639 0.041834
0 0.641755 0.487617 0.038780 0.034137
0 0.649002 0.574297 0.038215 0.030790
0 0.653332 0.655455 0.046498 0.039826
0 0.600056 0.496653 0.041227 0.035475
0 0.623588 0.557229 0.042733 0.033467
0 0.588761 0.558568 0.038215 0.034137
0 0.628389 0.631861 0.042545 0.036145
0 0.591867 0.634036 0.041039 0.041165
0 0.562123 0.609438 0.044428 0.040161
0 0.558264 0.567604 0.044992 0.025435
0 0.565700 0.507028 0.033509 0.029451
1 0.541792 0.513889 0.035015 0.030455
0 0.526073 0.518072 0.037086 0.028112
0 0.522120 0.602410 0.039721 0.042838
0 0.517037 0.563420 0.037839 0.031124
0 0.495858 0.543842 0.043298 0.032129
0 0.484469 0.584505 0.039345 0.029116
0 0.448795 0.576975 0.041039 0.028782
0 0.459526 0.527443 0.035392 0.044846
0 0.468938 0.493976 0.038780 0.032798
0 0.439665 0.503179 0.031062 0.030455
0 0.429217 0.534806 0.034639 0.038822
0 0.411239 0.572456 0.036333 0.030455
0 0.387142 0.577142 0.039721 0.027108
0 0.411050 0.505689 0.038215 0.029451
0 0.382718 0.531961 0.039533 0.027778
0 0.353822 0.518072 0.040851 0.033467
0 0.349774 0.477410 0.046687 0.039826
0 0.326525 0.498996 0.044992 0.028112
0 0.330949 0.547189 0.046687 0.032129
0 0.297252 0.531794 0.044051 0.039491
0 0.290286 0.495147 0.046310 0.045850
0 0.283133 0.538320 0.041792 0.029116
0 0.253671 0.520248 0.043486 0.036479
0 0.217056 0.518742 0.049322 0.033467
0 0.183453 0.566432 0.048381 0.040495
0 0.151355 0.552711 0.045181 0.027108
0 0.120764 0.558735 0.038215 0.027778
0 0.077090 0.559404 0.043486 0.029116
0 0.383001 0.519411 0.038592 0.031459
