0 0.956796 0.357932 0.031438 0.047189
0 0.933076 0.387216 0.042357 0.036145
0 0.900697 0.408635 0.038592 0.042169
0 0.869823 0.435743 0.044992 0.037483
0 0.833302 0.453481 0.046122 0.039491
0 0.864270 0.373159 0.054593 0.039491
0 0.838667 0.389224 0.047440 0.050870
0 0.791886 0.392236 0.044992 0.042838
0 0.751412 0.405455 0.050640 0.039826
0 0.787651 0.446285 0.045934 0.048527
0 0.754612 0.468876 0.047628 0.042838
0 0.798381 0.539993 0.052711 0.049197
0 0.763742 0.546185 0.051205 0.049531
0 0.722233 0.529786 0.057041 0.050201
0 0.727786 0.490462 0.049322 0.038487
0 0.671781 0.549197 0.060053 0.038153
0 0.703407 0.419177 0.045369 0.041834
0 0.695595 0.484940 0.053464 0.045515
0 0.624153 0.547356 0.049134 0.040495
0 0.683358 0.449465 0.046687 0.046185
0 0.649944 0.462684 0.050640 0.047189
0 0.654462 0.382865 0.051393 0.053548
0 0.621047 0.448963 0.051205 0.051205
0 0.581984 0.470716 0.050640 0.051205
0 0.601092 0.433735 0.044051 0.046185
0 0.616246 0.406627 0.051017 0.039491
0 0.575866 0.542336 0.051958 0.041834
0 0.548475 0.536647 0.052523 0.041165
0 0.572666 0.405120 0.048569 0.049197
0 0.535486 0.431727 0.045369 0.052209
0 0.525791 0.507195 0.049322 0.049197
0 0.483057 0.733936 0.050452 0.056894
0 0.444936 0.688086 0.052523 0.055556
0 0.404367 0.681727 0.046687 0.058233
0 0.450301 0.556894 0.053840 0.042838
0 0.490964 0.530790 0.053464 0.044177
0 0.494635 0.417336 0.051770 0.038822
0 0.478445 0.469210 0.046498 0.054217
0 0.413027 0.535308 0.048193 0.050535
0 0.367282 0.645750 0.045181 0.062584
0 0.365211 0.536479 0.054217 0.046854
0 0.322477 0.626171 0.051581 0.058902
0 0.448042 0.469545 0.046310 0.044846
0 0.424793 0.445114 0.044992 0.038153
0 0.392037 0.443106 0.043110 0.040161
0 0.364646 0.443273 0.043675 0.039826
0 0.342997 0.453983 0.053840 0.040495
0 0.318430 0.514224 0.051770 0.052544
0 0.296498 0.589692 0.058735 0.048193
0 0.275414 0.560074 0.050452 0.049866
0 0.238234 0.560743 0.047252 0.070616
0 0.265154 0.518072 0.057041 0.042838
0 0.301487 0.453481 0.052146 0.039491
0 0.262142 0.445783 0.052899 0.032798
0 0.224115 0.442436 0.049511 0.034806
0 0.212914 0.507028 0.052711 0.054217
0 0.172534 0.504685 0.050640 0.044177
0 0.157944 0.506861 0.055723 0.037818
0 0.179970 0.439090 0.050452 0.037483
0 0.134130 0.447289 0.049511 0.042503
0 0.086785 0.446285 0.046687 0.037818
