0 0.131871 0.585509 0.043110 0.025770
0 0.177428 0.578648 0.042733 0.022088
0 0.153897 0.561747 0.042733 0.025100
0 0.115117 0.547356 0.039721 0.032463
0 0.138460 0.523594 0.043110 0.037149
0 0.159262 0.509371 0.042169 0.032129
0 0.192018 0.510710 0.045181 0.037483
0 0.097233 0.533969 0.040474 0.039826
0 0.215550 0.579317 0.044051 0.030120
0 0.235599 0.575971 0.040098 0.031459
0 0.270331 0.584505 0.040286 0.028447
0 0.308453 0.592871 0.043863 0.031794
0 0.357681 0.609605 0.043298 0.031794
0 0.404744 0.632195 0.041416 0.040830
0 0.440230 0.665495 0.035956 0.043173
0 0.472233 0.689090 0.034450 0.048193
0 0.512613 0.698628 0.038404 0.045181
0 0.463197 0.640730 0.032944 0.047858
0 0.487669 0.673527 0.034074 0.043842
0 0.424793 0.592871 0.041604 0.035810
0 0.361540 0.524431 0.038592 0.040830
0 0.397120 0.559237 0.038968 0.038822
1 0.224586 0.507195 0.043298 0.022423
0 0.251412 0.515060 0.040098 0.029451
0 0.290286 0.515395 0.039157 0.028782
0 0.235505 0.446787 0.042169 0.024766
0 0.233245 0.477912 0.030497 0.040830
0 0.257154 0.478246 0.039157 0.035475
0 0.297157 0.461178 0.040098 0.028112
0 0.241999 0.408133 0.041227 0.037149
0 0.252259 0.385877 0.035015 0.032129
0 0.278426 0.374331 0.030497 0.050535
0 0.298287 0.368474 0.034074 0.051539
0 0.317677 0.376171 0.037462 0.030790
0 0.340832 0.422189 0.036333 0.030455
0 0.307041 0.410810 0.035015 0.034471
0 0.282380 0.437249 0.036898 0.022423
0 0.320218 0.444277 0.037274 0.028447
0 0.363893 0.471051 0.040286 0.027778
0 0.374341 0.492470 0.034074 0.034471
0 0.398249 0.495147 0.034074 0.039826
0 0.428558 0.521419 0.031438 0.044177
0 0.461691 0.528782 0.038592 0.040830
0 0.492752 0.584672 0.038215 0.048193
0 0.543110 0.627343 0.039533 0.045850
0 0.572854 0.675201 0.032380 0.061245
0 0.596668 0.705154 0.027297 0.062918
0 0.619541 0.736278 0.035392 0.057564
0 0.336973 0.340027 0.038027 0.033467
0 0.361446 0.333501 0.037274 0.030455
0 0.367470 0.315596 0.036145 0.032798
0 0.393449 0.316767 0.037651 0.033133
1 0.425546 0.339859 0.032944 0.035141
0 0.441077 0.333501 0.039533 0.031794
0 0.443336 0.294679 0.038027 0.043842
0 0.414816 0.329150 0.032568 0.035810
0 0.484940 0.274766 0.039157 0.038822
0 0.528520 0.260207 0.041227 0.038487
0 0.556099 0.244143 0.036145 0.031794
0 0.585938 0.248159 0.038592 0.029786
0 0.484375 0.343541 0.039533 0.026439
0 0.507342 0.325469 0.037274 0.035810
0 0.532474 0.348561 0.040474 0.030455
0 0.469691 0.367303 0.035768 0.024431
0 0.488799 0.382865 0.034450 0.023427
0 0.514401 0.391901 0.038968 0.025435
0 0.542357 0.413989 0.038404 0.026774
0 0.577560 0.442771 0.038027 0.036814
0 0.615211 0.470549 0.041039 0.030790
0 0.642131 0.495817 0.040286 0.028447
0 0.671969 0.529953 0.040098 0.034471
0 0.549793 0.327644 0.037462 0.026774
0 0.569465 0.328815 0.032003 0.026439
0 0.592526 0.312584 0.040474 0.032129
0 0.627447 0.307062 0.039910 0.037818
0 0.662462 0.299029 0.039910 0.033802
0 0.683735 0.310576 0.039533 0.026774
0 0.712914 0.293507 0.037651 0.031459
0 0.731457 0.287149 0.038592 0.031459
0 0.659262 0.348561 0.039157 0.027108
0 0.632907 0.371821 0.033509 0.018742
0 0.668110 0.387550 0.035768 0.032129
0 0.683170 0.360944 0.034639 0.033802
0 0.704819 0.347557 0.033509 0.034471
0 0.733622 0.359605 0.038027 0.033133
0 0.687877 0.414324 0.038404 0.032129
0 0.633189 0.373159 0.034827 0.016064
0 0.632907 0.390395 0.030873 0.019076
0 0.703972 0.429886 0.033697 0.033133
0 0.724398 0.422356 0.035768 0.035475
0 0.757342 0.453146 0.039910 0.040161
0 0.765625 0.372825 0.038027 0.030120
0 0.786898 0.357430 0.040286 0.028782
0 0.820877 0.372490 0.038592 0.028782
0 0.854010 0.382195 0.041980 0.026774
0 0.886672 0.398260 0.040286 0.032798
0 0.911239 0.396419 0.038968 0.029786
0 0.707737 0.475402 0.034074 0.050535
0 0.756212 0.506359 0.032756 0.046854
1 0.734093 0.486446 0.032191 0.049866
0 0.790663 0.506861 0.035768 0.050535
0 0.775979 0.556727 0.030120 0.056560
0 0.797816 0.609103 0.028238 0.053548
0 0.828313 0.653782 0.029744 0.064592
0 0.852880 0.705321 0.031815 0.061245
1 0.886766 0.752008 0.029932 0.061580
0 0.901167 0.764224 0.034639 0.055890
0 0.908980 0.611111 0.034074 0.048862
0 0.828313 0.514056 0.036521 0.042838
0 0.852880 0.559237 0.038592 0.041499
0 0.880742 0.572456 0.031438 0.042503
