0 0.517236 0.057135 0.033133 0.043863
0 0.514893 0.088667 0.029116 0.042169
0 0.519578 0.117188 0.039826 0.044616
0 0.512885 0.152673 0.027778 0.042922
0 0.562416 0.195312 0.050535 0.041604
0 0.507028 0.224868 0.032129 0.047252
0 0.522758 0.205196 0.038153 0.037651
0 0.563253 0.237952 0.047523 0.044804
0 0.589692 0.272308 0.047523 0.044239
0 0.583333 0.305346 0.033467 0.042169
0 0.540997 0.274661 0.027778 0.042922
1 0.521754 0.252636 0.030120 0.038027
1 0.461513 0.317677 0.058902 0.034074
0 0.494813 0.304970 0.035810 0.050075
0 0.515562 0.313253 0.031794 0.044804
0 0.544679 0.348645 0.031124 0.045557
0 0.467871 0.336126 0.043507 0.041227
0 0.483601 0.344315 0.039491 0.038404
0 0.489625 0.367188 0.032798 0.036709
0 0.450636 0.371423 0.051205 0.040286
0 0.456493 0.392508 0.041499 0.041039
0 0.500335 0.387425 0.032798 0.040663
0 0.536647 0.390813 0.042503 0.042922
0 0.412149 0.417451 0.051874 0.048005
0 0.470716 0.417733 0.026439 0.037274
0 0.490127 0.430817 0.031124 0.041604
0 0.555556 0.428840 0.028112 0.047063
0 0.554719 0.455666 0.035810 0.044239
0 0.487115 0.456419 0.037149 0.039345
0 0.403280 0.461314 0.046854 0.046498
0 0.461178 0.464608 0.025435 0.045181
0 0.364290 0.497364 0.059237 0.046687
0 0.543005 0.484281 0.041165 0.042357
0 0.547189 0.504330 0.036145 0.046687
0 0.451473 0.511107 0.032798 0.045557
0 0.355756 0.543675 0.048193 0.051205
0 0.320950 0.574642 0.047523 0.048381
0 0.448795 0.550358 0.030120 0.046122
0 0.462684 0.590738 0.042503 0.048193
0 0.442604 0.622364 0.044511 0.047063
0 0.551205 0.551393 0.032798 0.042169
0 0.537483 0.520331 0.038153 0.043675
0 0.555556 0.578784 0.037483 0.044992
0 0.539491 0.605328 0.037483 0.051770
0 0.553046 0.615305 0.036479 0.035956
0 0.501673 0.646178 0.032129 0.052899
0 0.570448 0.657003 0.049866 0.045557
0 0.536981 0.669898 0.045181 0.039721
0 0.508701 0.693053 0.027443 0.044992
0 0.588353 0.699831 0.048193 0.043863
0 0.551707 0.711879 0.045181 0.039721
0 0.599230 0.740776 0.048527 0.042545
1 0.570616 0.743505 0.042169 0.041604
0 0.515060 0.743411 0.033467 0.046687
0 0.575134 0.772496 0.041834 0.041227
0 0.620482 0.780591 0.052878 0.042357
0 0.526606 0.784639 0.031794 0.047816
0 0.572122 0.803370 0.046519 0.042357
0 0.552209 0.827654 0.033467 0.046498
0 0.579150 0.847609 0.045181 0.048381
0 0.591031 0.888178 0.042838 0.045557
0 0.627008 0.909827 0.041165 0.037274
0 0.589357 0.922440 0.043507 0.042545
0 0.598394 0.941736 0.038822 0.036333
0 0.593373 0.966867 0.041499 0.033133
