0 0.457664 0.091773 0.031794 0.039345
0 0.434739 0.125659 0.045515 0.031815
0 0.440930 0.163592 0.031794 0.036145
0 0.451640 0.195218 0.035810 0.040663
0 0.480422 0.144861 0.025100 0.029556
0 0.479752 0.164910 0.027108 0.033509
0 0.476238 0.186653 0.025435 0.031062
0 0.489625 0.201995 0.027443 0.039533
0 0.512048 0.222044 0.024766 0.035203
0 0.507865 0.241434 0.033133 0.032944
0 0.485944 0.246423 0.034806 0.036145
0 0.499833 0.260542 0.027778 0.028614
0 0.478079 0.261389 0.034471 0.032191
0 0.456158 0.269202 0.017403 0.033133
0 0.467704 0.287651 0.035810 0.033509
0 0.486111 0.284639 0.027108 0.030120
0 0.494143 0.286050 0.027778 0.026920
0 0.465194 0.309770 0.032129 0.030685
0 0.479920 0.319842 0.026774 0.032003
0 0.500000 0.310900 0.026104 0.034074
0 0.532296 0.316736 0.035141 0.034074
0 0.508701 0.342338 0.034806 0.033697
1 0.485609 0.339514 0.015395 0.032568
0 0.496151 0.358810 0.025770 0.033133
0 0.540161 0.349303 0.033467 0.030309
0 0.551372 0.373400 0.030455 0.032568
0 0.514391 0.379518 0.027443 0.035015
0 0.445616 0.373212 0.031124 0.035956
0 0.546687 0.395143 0.039826 0.031250
0 0.524933 0.411050 0.027108 0.034450
0 0.559906 0.421781 0.029451 0.032191
0 0.447791 0.404932 0.025435 0.033509
0 0.430388 0.432982 0.032798 0.033133
0 0.545181 0.441265 0.028782 0.033133
0 0.562751 0.467150 0.031794 0.032568
0 0.585007 0.493317 0.026104 0.032191
0 0.619478 0.512895 0.037483 0.030309
0 0.432898 0.459714 0.033133 0.033886
0 0.480924 0.447948 0.029451 0.030309
0 0.481091 0.470350 0.037818 0.029932
0 0.455154 0.482022 0.028782 0.032944
0 0.484940 0.495670 0.030120 0.035015
0 0.422021 0.486728 0.030790 0.031815
0 0.413989 0.512801 0.030790 0.034639
0 0.462517 0.505553 0.032798 0.031815
0 0.444277 0.528238 0.025100 0.031627
0 0.469880 0.534827 0.029451 0.031627
0 0.510542 0.520614 0.031794 0.032568
0 0.517403 0.542169 0.031459 0.030497
0 0.524933 0.560994 0.029786 0.032003
0 0.442604 0.553370 0.025100 0.032944
0 0.447122 0.578125 0.028112 0.033886
0 0.477410 0.576713 0.033802 0.034827
0 0.524431 0.581231 0.036145 0.031062
0 0.483601 0.606269 0.030790 0.031815
1 0.452142 0.599398 0.026104 0.033509
0 0.523260 0.599774 0.036479 0.029367
0 0.540161 0.625659 0.030120 0.036709
0 0.465361 0.621047 0.034471 0.032003
0 0.495817 0.631212 0.032463 0.030873
0 0.440763 0.631965 0.034806 0.031250
0 0.437584 0.653709 0.031124 0.028803
0 0.442771 0.673569 0.031459 0.032380
1 0.446620 0.699831 0.030455 0.031438
0 0.490295 0.665098 0.031459 0.036521
0 0.511714 0.658509 0.029451 0.033133
0 0.546687 0.653803 0.031124 0.030873
0 0.524933 0.686653 0.029786 0.034450
0 0.556392 0.689288 0.030455 0.032568
0 0.559739 0.711879 0.032463 0.033697
0 0.553548 0.740399 0.028112 0.032003
0 0.483434 0.691359 0.033802 0.034450
0 0.475736 0.720162 0.032463 0.032944
0 0.437249 0.728727 0.021754 0.036898
0 0.485442 0.743882 0.036479 0.034450
0 0.445448 0.755742 0.030120 0.028803
0 0.497825 0.772214 0.027108 0.033133
0 0.440261 0.779650 0.026439 0.033321
0 0.478581 0.785486 0.032129 0.032191
1 0.458501 0.806570 0.026104 0.028803
0 0.438922 0.826525 0.029116 0.032944
0 0.483099 0.825584 0.031794 0.037086
0 0.476573 0.854010 0.029451 0.037086
0 0.477912 0.881683 0.032129 0.035203
0 0.477912 0.911615 0.030120 0.037839
