0 0.081419 0.621988 0.046122 0.035810
0 0.116434 0.580489 0.048005 0.040495
0 0.155120 0.574465 0.047063 0.040495
0 0.183453 0.524264 0.048005 0.049866
0 0.212538 0.520248 0.041039 0.047858
0 0.227033 0.538320 0.040286 0.041165
1 0.287462 0.578815 0.045934 0.023762
0 0.265154 0.525770 0.045369 0.049531
0 0.300169 0.498327 0.040474 0.044177
0 0.300452 0.553715 0.057605 0.028447
0 0.339703 0.573795 0.048758 0.037149
0 0.339797 0.535141 0.041792 0.028782
0 0.340361 0.479752 0.042169 0.042503
0 0.368411 0.465194 0.042545 0.042169
0 0.363705 0.490629 0.039910 0.036145
0 0.376412 0.565596 0.047628 0.040161
0 0.414251 0.568106 0.048005 0.041165
0 0.425922 0.517236 0.044992 0.044511
0 0.402861 0.489123 0.045557 0.041165
0 0.431194 0.467035 0.038968 0.037818
0 0.453125 0.504853 0.055346 0.045181
0 0.455761 0.563755 0.043675 0.042503
0 0.487575 0.565930 0.050828 0.037483
0 0.524567 0.559572 0.044239 0.040830
0 0.481175 0.516734 0.044804 0.043507
0 0.505083 0.530455 0.044804 0.039491
0 0.529462 0.510375 0.045745 0.044177
0 0.543486 0.507530 0.050075 0.047858
0 0.571724 0.529618 0.047816 0.043842
0 0.467715 0.461011 0.041980 0.036479
0 0.484940 0.438755 0.042169 0.039491
0 0.517413 0.441265 0.038592 0.036479
0 0.536427 0.415161 0.038592 0.051205
0 0.567771 0.432731 0.047063 0.046185
0 0.614646 0.527276 0.049322 0.040495
0 0.651544 0.527276 0.047816 0.036479
0 0.687123 0.505522 0.050452 0.045850
0 0.599774 0.436580 0.042545 0.032463
0 0.621988 0.457497 0.041416 0.037483
0 0.641190 0.457162 0.036898 0.036145
0 0.594409 0.396252 0.037462 0.036814
0 0.636860 0.396921 0.041416 0.046185
0 0.685806 0.460676 0.046687 0.035810
0 0.668486 0.363286 0.036145 0.037818
0 0.704160 0.342035 0.034450 0.042838
0 0.734469 0.330656 0.034450 0.037483
0 0.664251 0.412985 0.045369 0.034137
0 0.696066 0.412149 0.041227 0.044511
0 0.713008 0.451640 0.046498 0.045181
0 0.747270 0.441098 0.041227 0.046854
0 0.773061 0.472724 0.049134 0.038487
0 0.812123 0.457329 0.045181 0.034471
0 0.730422 0.414157 0.041792 0.043173
0 0.769108 0.392236 0.040474 0.044177
0 0.807982 0.397758 0.043675 0.045181
0 0.834243 0.378681 0.041227 0.034471
0 0.868223 0.399766 0.040663 0.047189
0 0.854857 0.476573 0.045934 0.047523
0 0.893166 0.468541 0.041227 0.036814
0 0.922157 0.486111 0.027673 0.043173
0 0.951054 0.494813 0.029744 0.042503
