0 0.595716 0.087444 0.033467 0.041227
0 0.601406 0.119917 0.045515 0.044428
0 0.545850 0.060712 0.042838 0.051017
0 0.539324 0.082737 0.031794 0.052146
0 0.539659 0.119352 0.037818 0.046687
0 0.535475 0.155120 0.040830 0.054593
0 0.556058 0.162745 0.042503 0.052146
0 0.601406 0.189947 0.038822 0.050452
0 0.631861 0.202090 0.048193 0.047628
0 0.626841 0.234469 0.061580 0.044992
0 0.520582 0.216679 0.055221 0.054593
0 0.478916 0.254612 0.056894 0.049511
0 0.538153 0.240964 0.041499 0.051958
0 0.531124 0.283133 0.040830 0.048946
0 0.470047 0.294051 0.052544 0.049699
0 0.494478 0.313159 0.054552 0.053652
0 0.425535 0.329913 0.056560 0.054029
1 0.468373 0.354480 0.041165 0.039533
0 0.426037 0.379800 0.070281 0.045745
0 0.393909 0.421310 0.069612 0.046687
0 0.344210 0.460279 0.084003 0.041416
0 0.320114 0.496894 0.068608 0.045369
0 0.256024 0.508754 0.082999 0.043863
0 0.239290 0.536521 0.079652 0.044428
0 0.611780 0.281156 0.050870 0.052899
0 0.648594 0.329066 0.042838 0.050452
0 0.629518 0.378106 0.035475 0.052899
0 0.647758 0.415757 0.039826 0.049511
0 0.657798 0.465926 0.047858 0.046687
0 0.595382 0.346009 0.022088 0.045934
0 0.575636 0.374435 0.038153 0.038404
0 0.566934 0.392696 0.037483 0.051581
0 0.543340 0.421875 0.033802 0.050075
0 0.527276 0.437218 0.042503 0.046122
0 0.562082 0.444842 0.028447 0.047063
0 0.552711 0.474586 0.035810 0.045934
0 0.548527 0.497176 0.039491 0.043298
0 0.557396 0.514307 0.045850 0.043675
0 0.578313 0.539816 0.038822 0.046875
0 0.562416 0.565983 0.043842 0.046875
0 0.510207 0.600433 0.047189 0.048758
0 0.499498 0.639778 0.051874 0.048381
0 0.469545 0.686276 0.048862 0.048005
0 0.456493 0.719409 0.057564 0.044616
0 0.436078 0.759789 0.060910 0.046687
1 0.422021 0.799511 0.046854 0.046687
0 0.495147 0.464985 0.041834 0.048946
0 0.444946 0.496800 0.054552 0.043675
0 0.395248 0.531062 0.061580 0.047440
0 0.334003 0.560617 0.062249 0.044428
0 0.285643 0.589514 0.064592 0.052523
0 0.224732 0.610410 0.077309 0.047252
0 0.634371 0.605233 0.037818 0.055346
1 0.605924 0.623306 0.046519 0.050452
0 0.616633 0.653520 0.047189 0.051770
0 0.646586 0.672910 0.042169 0.047252
0 0.650435 0.702654 0.052544 0.046122
0 0.644411 0.739270 0.053213 0.045557
0 0.658969 0.775697 0.041499 0.045745
0 0.649264 0.820595 0.050870 0.050075
0 0.666834 0.853539 0.044511 0.048193
0 0.650100 0.888931 0.045850 0.050452
0 0.560074 0.703878 0.046519 0.050452
0 0.553715 0.743505 0.045181 0.049887
0 0.519913 0.793675 0.047858 0.049699
1 0.491801 0.833396 0.049866 0.048946
0 0.430388 0.864646 0.061580 0.053464
0 0.407463 0.911521 0.066600 0.042545
0 0.372323 0.948325 0.071954 0.045369
