0 0.448126 0.076525 0.042169 0.046122
0 0.444612 0.122364 0.036479 0.048193
0 0.465696 0.142037 0.033133 0.049511
0 0.528614 0.148061 0.053882 0.047628
0 0.432229 0.177805 0.039157 0.051393
0 0.463521 0.186276 0.034806 0.050264
0 0.432396 0.217620 0.033467 0.045934
0 0.426539 0.258566 0.033802 0.046122
0 0.419511 0.294992 0.036479 0.046310
0 0.461345 0.252730 0.033802 0.047628
0 0.521252 0.179123 0.033802 0.044992
0 0.534806 0.213197 0.037483 0.051393
0 0.566600 0.234657 0.048193 0.049134
0 0.579485 0.264684 0.047189 0.048569
0 0.588186 0.310617 0.054552 0.044428
0 0.608768 0.349209 0.054217 0.045181
0 0.622992 0.390060 0.044511 0.042922
0 0.634705 0.433829 0.036479 0.043110
0 0.623829 0.472327 0.040161 0.041416
0 0.499833 0.282756 0.041834 0.040663
0 0.515395 0.300546 0.045515 0.045745
0 0.515730 0.346291 0.033467 0.045745
0 0.521921 0.324642 0.031794 0.043486
0 0.466700 0.323889 0.034471 0.045745
0 0.455321 0.365305 0.032463 0.051393
0 0.495147 0.376600 0.036479 0.048758
0 0.531459 0.380083 0.040161 0.044804
0 0.479752 0.401167 0.040495 0.042545
0 0.444612 0.418016 0.035141 0.052523
0 0.529284 0.382342 0.040495 0.042169
0 0.534471 0.403897 0.033467 0.044616
0 0.529284 0.425640 0.034471 0.044428
0 0.547189 0.435429 0.033467 0.041416
0 0.521419 0.453690 0.034137 0.042545
1 0.514726 0.479763 0.029451 0.044992
0 0.520582 0.519578 0.037818 0.044428
0 0.486446 0.443806 0.039826 0.045745
0 0.447289 0.459902 0.047858 0.049322
0 0.428380 0.501883 0.039491 0.050452
0 0.461680 0.493882 0.036479 0.049511
0 0.441934 0.539910 0.047189 0.048569
0 0.414659 0.565512 0.048193 0.044051
0 0.424531 0.601374 0.043842 0.051770
0 0.482597 0.546028 0.052878 0.043863
0 0.493307 0.577937 0.040830 0.047063
0 0.460341 0.605139 0.039157 0.043110
0 0.448293 0.651167 0.050535 0.047063
0 0.419344 0.695501 0.056225 0.042733
0 0.397925 0.733434 0.050870 0.041039
0 0.379518 0.778897 0.048862 0.046498
0 0.588019 0.472609 0.030790 0.041604
0 0.585007 0.494823 0.038153 0.044992
0 0.581325 0.516566 0.036145 0.045557
0 0.567938 0.528050 0.039491 0.042922
0 0.545515 0.545745 0.037483 0.044051
0 0.559237 0.562594 0.035475 0.041980
0 0.543842 0.594503 0.029451 0.043298
0 0.569110 0.627824 0.048527 0.047063
0 0.529451 0.623400 0.038153 0.043110
0 0.519578 0.655497 0.031794 0.044051
0 0.554719 0.662462 0.043173 0.050075
0 0.566432 0.683829 0.051205 0.041604
0 0.504351 0.679970 0.035475 0.045181
0 0.487784 0.713573 0.033802 0.048381
0 0.575636 0.707643 0.040830 0.046687
0 0.614625 0.723362 0.044511 0.042733
0 0.602242 0.746517 0.040495 0.044239
0 0.571954 0.735410 0.043507 0.041227
0 0.540328 0.759224 0.045181 0.050075
0 0.542838 0.801581 0.045515 0.046687
0 0.526104 0.836785 0.046185 0.047440
0 0.538320 0.868788 0.041165 0.047816
0 0.521252 0.900414 0.043173 0.049322
0 0.625669 0.772590 0.032463 0.038027
0 0.624163 0.808076 0.035475 0.041604
0 0.609772 0.839326 0.045515 0.043486
0 0.623327 0.876224 0.037149 0.043863
0 0.607932 0.905403 0.044511 0.041227
0 0.617470 0.937123 0.042838 0.034639
0 0.633869 0.969127 0.048862 0.036145
