0 0.064571 0.504016 0.067395 0.043507
0 0.139401 0.507697 0.065324 0.052209
0 0.172252 0.473059 0.056852 0.052544
0 0.222327 0.500335 0.057605 0.060241
0 0.268072 0.527108 0.050452 0.048862
0 0.192395 0.545850 0.069654 0.063588
0 0.242470 0.556058 0.067018 0.062584
0 0.300358 0.599565 0.064194 0.070616
0 0.322760 0.539993 0.067583 0.063922
0 0.355610 0.615295 0.063630 0.059237
0 0.376977 0.582831 0.059676 0.074632
0 0.433358 0.593039 0.064383 0.072289
0 0.469880 0.640228 0.054593 0.068273
0 0.522779 0.663822 0.060617 0.079317
0 0.267319 0.366299 0.063253 0.047189
0 0.296969 0.358768 0.049134 0.058233
0 0.333208 0.335676 0.048569 0.049531
0 0.374906 0.331325 0.050640 0.052209
0 0.445218 0.312751 0.057229 0.061914
0 0.493505 0.288655 0.054782 0.052544
0 0.543486 0.272088 0.050828 0.060241
0 0.592715 0.266566 0.052146 0.045181
0 0.639401 0.260710 0.049887 0.052878
0 0.555535 0.383534 0.062500 0.034806
0 0.605892 0.354250 0.048005 0.041165
0 0.640813 0.346051 0.045934 0.048193
0 0.571536 0.414324 0.056099 0.050870
0 0.602786 0.402778 0.054217 0.057229
0 0.636201 0.448461 0.057041 0.066265
0 0.674887 0.445616 0.057605 0.055890
0 0.711314 0.456660 0.051770 0.051205
0 0.687312 0.349565 0.054970 0.047189
0 0.744635 0.361948 0.059676 0.055890
0 0.730328 0.500000 0.061559 0.059572
0 0.781627 0.532798 0.062877 0.064926
0 0.826995 0.585843 0.060994 0.078648
0 0.872082 0.606593 0.054782 0.057229
0 0.901450 0.669846 0.063818 0.081995
0 0.813253 0.379183 0.059864 0.048193
0 0.857022 0.419511 0.061935 0.055221
0 0.907756 0.422691 0.056476 0.063588
0 0.959808 0.441265 0.052146 0.063922
0 0.444842 0.435408 0.060994 0.056225
0 0.417451 0.445281 0.061559 0.047858
0 0.492376 0.465529 0.055911 0.051539
0 0.511766 0.490964 0.061559 0.058902
0 0.571254 0.515897 0.056664 0.066600
0 0.638366 0.578648 0.056476 0.072959
0 0.697854 0.614625 0.058735 0.071954
0 0.742941 0.665161 0.056288 0.076640
0 0.794334 0.691934 0.060053 0.076640
