0 0.409137 0.104669 0.031794 0.028238
0 0.422691 0.159639 0.030790 0.036145
0 0.448126 0.182605 0.033467 0.034639
0 0.463019 0.209808 0.031794 0.027673
0 0.439592 0.218091 0.027108 0.032191
0 0.436580 0.234375 0.021084 0.030120
0 0.441432 0.251977 0.025435 0.033697
0 0.473059 0.236163 0.025770 0.028803
0 0.469210 0.263366 0.030120 0.031627
0 0.492135 0.272779 0.026439 0.031627
0 0.474900 0.291133 0.025435 0.031815
0 0.453313 0.297722 0.029786 0.035203
0 0.470884 0.310994 0.031459 0.029744
0 0.420850 0.322760 0.029786 0.030685
0 0.485944 0.337914 0.024766 0.030120
0 0.418005 0.350809 0.033467 0.032191
0 0.399264 0.373682 0.036145 0.028238
0 0.386379 0.397120 0.029786 0.026920
0 0.372323 0.428087 0.031794 0.028238
0 0.363956 0.463197 0.027108 0.035203
0 0.478079 0.370388 0.026439 0.031815
0 0.505689 0.372553 0.025435 0.028238
0 0.520582 0.387707 0.034471 0.029556
0 0.489290 0.399096 0.024766 0.029744
0 0.532463 0.406721 0.028112 0.029179
0 0.496486 0.415945 0.023092 0.024661
0 0.526439 0.422722 0.030120 0.024285
0 0.491633 0.433358 0.025435 0.026732
0 0.477912 0.452372 0.028112 0.030120
0 0.525937 0.443995 0.029116 0.027297
0 0.505187 0.458020 0.021084 0.026732
0 0.543507 0.458114 0.032798 0.028803
0 0.465529 0.410015 0.024766 0.034639
0 0.451473 0.440041 0.024766 0.029179
0 0.434739 0.467715 0.033467 0.033321
0 0.421687 0.492752 0.024766 0.030685
0 0.399096 0.514778 0.025770 0.034074
0 0.474565 0.484752 0.033467 0.032756
0 0.530790 0.478445 0.028112 0.030685
0 0.507530 0.488611 0.029116 0.032191
0 0.471386 0.511295 0.032463 0.027108
0 0.447122 0.535109 0.031459 0.027297
0 0.442269 0.561088 0.029116 0.027673
0 0.433902 0.581419 0.035141 0.028803
0 0.523260 0.509130 0.029116 0.028803
0 0.525100 0.537274 0.032798 0.029744
0 0.511714 0.561276 0.030790 0.032191
0 0.514893 0.587349 0.035141 0.029744
0 0.501339 0.607963 0.032798 0.032191
0 0.498661 0.625188 0.028782 0.031250
0 0.581660 0.534356 0.036145 0.030685
0 0.594210 0.552146 0.037818 0.027861
0 0.594880 0.571819 0.037818 0.029556
0 0.584003 0.583396 0.038153 0.028991
0 0.589190 0.604010 0.037818 0.029556
0 0.557229 0.610505 0.028112 0.030497
0 0.561747 0.632812 0.037149 0.030685
0 0.613286 0.628106 0.028447 0.031438
0 0.572289 0.652579 0.034137 0.033321
0 0.566600 0.672816 0.028782 0.027485
0 0.588855 0.674416 0.029786 0.030685
0 0.602075 0.691830 0.030120 0.024849
0 0.554719 0.702466 0.024431 0.031815
0 0.598728 0.708490 0.031459 0.030685
0 0.549531 0.725998 0.028112 0.031062
0 0.594378 0.733622 0.035475 0.032003
0 0.549531 0.752165 0.029451 0.033321
0 0.559906 0.776920 0.030790 0.030120
0 0.546687 0.802052 0.025770 0.032568
0 0.609103 0.649285 0.035475 0.030497
0 0.620984 0.677899 0.032463 0.031250
0 0.626506 0.703596 0.036814 0.030309
0 0.647088 0.730892 0.037818 0.032191
1 0.611278 0.757342 0.028447 0.030120
0 0.609438 0.782474 0.038822 0.034074
0 0.616131 0.809488 0.032798 0.031627
0 0.611111 0.830666 0.034137 0.034827
0 0.607095 0.849303 0.036814 0.036709
