0 0.844597 0.346051 0.049511 0.038822
0 0.810617 0.332664 0.044051 0.041499
0 0.774849 0.366299 0.044428 0.031124
0 0.728539 0.360609 0.046687 0.050535
0 0.695501 0.395248 0.045745 0.037483
0 0.834431 0.534304 0.055535 0.057898
0 0.790757 0.502677 0.054782 0.038822
0 0.743317 0.508701 0.059676 0.057564
0 0.690606 0.481258 0.054029 0.036814
0 0.683358 0.534304 0.062877 0.057229
0 0.646084 0.557898 0.059864 0.052209
0 0.607963 0.538989 0.055535 0.057898
0 0.634036 0.468708 0.053464 0.037818
0 0.649849 0.394578 0.040663 0.052209
0 0.615587 0.391566 0.041416 0.052209
0 0.589797 0.429217 0.051205 0.031794
0 0.585938 0.456995 0.048381 0.043173
0 0.557417 0.550201 0.055723 0.053548
0 0.552993 0.458166 0.048005 0.030790
0 0.517696 0.443608 0.051958 0.033802
0 0.522214 0.459337 0.057605 0.029786
0 0.504424 0.530455 0.051393 0.058233
0 0.464232 0.544679 0.053840 0.040495
0 0.481457 0.420683 0.052523 0.044846
0 0.441924 0.452644 0.046498 0.063253
0 0.423193 0.514726 0.047440 0.045515
0 0.399661 0.443273 0.054970 0.049866
0 0.354857 0.483099 0.059488 0.039826
0 0.390248 0.532798 0.053464 0.038153
0 0.391284 0.590027 0.057794 0.040830
0 0.359657 0.561914 0.050264 0.034137
0 0.317018 0.580154 0.057982 0.051874
0 0.317395 0.453648 0.060994 0.044511
0 0.267319 0.503179 0.054593 0.037818
0 0.267508 0.552878 0.061747 0.053548
0 0.225904 0.557229 0.060241 0.067604
0 0.204443 0.495147 0.063253 0.043842
0 0.240117 0.476740 0.052146 0.032463
0 0.209902 0.517403 0.057605 0.038153
1 0.168298 0.510710 0.047816 0.038822
0 0.118035 0.538655 0.055346 0.054552
0 0.079725 0.534304 0.051393 0.047189
0 0.088102 0.507865 0.053087 0.032463
