0 0.430890 0.127824 0.033133 0.030873
0 0.439424 0.149473 0.030790 0.030120
0 0.437082 0.164910 0.032129 0.033886
0 0.437082 0.198701 0.031459 0.033697
0 0.452979 0.240399 0.030455 0.035392
0 0.475067 0.247835 0.021084 0.023908
0 0.477577 0.261766 0.020750 0.028803
0 0.454485 0.273532 0.030790 0.031250
0 0.483266 0.282756 0.021419 0.023343
0 0.487115 0.298287 0.030455 0.029556
0 0.455154 0.304311 0.030120 0.032191
0 0.445114 0.337444 0.032129 0.032568
0 0.493809 0.322383 0.027108 0.031815
0 0.544679 0.308641 0.027778 0.029556
0 0.550033 0.336408 0.028447 0.028991
0 0.505522 0.342809 0.023092 0.030497
0 0.525602 0.357492 0.031124 0.031250
0 0.476071 0.350433 0.025770 0.028426
0 0.470716 0.370953 0.025770 0.029556
0 0.557564 0.371611 0.028782 0.030120
0 0.519746 0.378294 0.030120 0.029179
1 0.466031 0.399002 0.029786 0.031062
0 0.460843 0.421404 0.026104 0.030685
0 0.457497 0.454913 0.022758 0.031062
0 0.453481 0.481739 0.024096 0.027485
0 0.457329 0.512895 0.025100 0.031438
0 0.556894 0.396084 0.028112 0.025602
0 0.508367 0.397496 0.030790 0.031062
0 0.500669 0.416039 0.029451 0.027108
0 0.501841 0.437312 0.024431 0.028991
1 0.515897 0.462820 0.029786 0.033321
0 0.572791 0.426770 0.024431 0.029367
0 0.549364 0.435806 0.026439 0.028991
0 0.536479 0.450866 0.020080 0.026732
0 0.538655 0.474962 0.027778 0.030120
0 0.580321 0.455478 0.030120 0.028426
0 0.588688 0.484469 0.028112 0.029556
0 0.564090 0.482492 0.025770 0.024849
0 0.574632 0.504330 0.028782 0.027861
0 0.501339 0.495764 0.028112 0.032568
0 0.592537 0.510919 0.030455 0.028614
0 0.500335 0.521273 0.032129 0.027108
0 0.549029 0.533038 0.029786 0.031438
0 0.572959 0.527108 0.027443 0.029367
0 0.597390 0.540098 0.030120 0.030120
0 0.485107 0.547534 0.027108 0.030309
0 0.534973 0.545087 0.026439 0.028426
0 0.525100 0.560241 0.026104 0.026732
0 0.487282 0.573419 0.026774 0.029744
0 0.492637 0.600151 0.028112 0.030497
0 0.573461 0.546781 0.035141 0.027297
1 0.579987 0.573230 0.027443 0.032003
0 0.598226 0.564006 0.027108 0.028614
0 0.564592 0.573325 0.018742 0.028803
0 0.607430 0.589138 0.030790 0.029556
1 0.615127 0.617846 0.031459 0.032003
1 0.629518 0.644108 0.029451 0.033321
0 0.618809 0.665474 0.029451 0.028614
0 0.641232 0.687029 0.030790 0.027297
0 0.565930 0.589608 0.027443 0.025979
0 0.524096 0.592620 0.022088 0.023343
0 0.557062 0.605516 0.027778 0.027297
0 0.518072 0.614646 0.022088 0.022214
0 0.541499 0.620858 0.027443 0.030873
0 0.505522 0.637142 0.027778 0.026167
0 0.548025 0.646367 0.027108 0.029932
0 0.504853 0.658603 0.025100 0.028426
0 0.541834 0.670275 0.028782 0.026544
0 0.497323 0.674793 0.027443 0.031062
0 0.500000 0.686370 0.026104 0.022590
0 0.535643 0.692959 0.028447 0.030497
0 0.485944 0.711220 0.024766 0.029367
0 0.524598 0.710655 0.025100 0.027485
0 0.511379 0.730892 0.028782 0.030685
0 0.477744 0.729763 0.029116 0.026920
0 0.455154 0.755930 0.030120 0.030685
0 0.445281 0.776638 0.027108 0.027297
0 0.440261 0.803087 0.024431 0.028991
0 0.554886 0.709808 0.027443 0.028803
0 0.556225 0.731739 0.028782 0.030120
0 0.545348 0.752353 0.025770 0.032568
0 0.526774 0.764966 0.028782 0.032191
0 0.533133 0.783415 0.026104 0.029556
0 0.505689 0.796687 0.034137 0.030497
0 0.529284 0.800546 0.023762 0.021649
0 0.483936 0.813065 0.028112 0.030120
0 0.512718 0.819559 0.025435 0.032191
0 0.479250 0.841397 0.032798 0.031815
0 0.495315 0.842997 0.024766 0.029744
0 0.458835 0.859281 0.028782 0.031062
0 0.482764 0.871047 0.027108 0.030873
0 0.450469 0.889119 0.030120 0.032003
0 0.468206 0.892131 0.026104 0.028238
0 0.433735 0.902014 0.026774 0.026920
0 0.453146 0.917451 0.022758 0.031438
0 0.427544 0.928276 0.025770 0.031250
0 0.431560 0.934488 0.025100 0.031627
