0 0.044804 0.469880 0.042545 0.040161
0 0.063912 0.456158 0.046498 0.040830
0 0.080290 0.479250 0.041604 0.047523
0 0.114175 0.487617 0.051770 0.044177
0 0.165192 0.518072 0.046498 0.050201
0 0.198889 0.517738 0.043486 0.054886
0 0.244729 0.555388 0.049322 0.059237
0 0.292357 0.580154 0.050452 0.055890
0 0.101751 0.432062 0.035203 0.045515
0 0.125000 0.423527 0.046687 0.045181
0 0.156815 0.467035 0.042545 0.050535
0 0.187218 0.460676 0.043486 0.033133
0 0.218185 0.475402 0.052711 0.039157
0 0.234375 0.503347 0.049322 0.036145
0 0.260825 0.529284 0.042733 0.053213
0 0.301864 0.536647 0.044992 0.049197
1 0.130742 0.402945 0.068336 0.026774
0 0.166416 0.411479 0.057605 0.041834
0 0.215644 0.437082 0.051017 0.042838
0 0.203690 0.400268 0.045934 0.040161
0 0.256401 0.369980 0.048193 0.039157
0 0.243505 0.395917 0.054405 0.043507
0 0.286992 0.410475 0.051393 0.043842
0 0.301299 0.427376 0.044616 0.047523
0 0.269014 0.437751 0.054217 0.033467
0 0.312406 0.480087 0.046875 0.055221
0 0.353257 0.483266 0.046875 0.048862
0 0.393637 0.508199 0.042545 0.053213
0 0.338197 0.583501 0.043110 0.061245
0 0.375094 0.599732 0.043110 0.054217
0 0.404273 0.625669 0.042733 0.048527
0 0.447948 0.654116 0.046875 0.056560
0 0.439947 0.534304 0.047440 0.051205
0 0.342809 0.439257 0.047063 0.043173
0 0.360034 0.437249 0.043486 0.051205
0 0.381306 0.424029 0.038968 0.037483
0 0.407850 0.425535 0.045369 0.040495
0 0.413592 0.460509 0.044804 0.043507
0 0.451054 0.467035 0.044428 0.041834
0 0.490870 0.465863 0.047628 0.052209
0 0.522684 0.485442 0.046122 0.053213
0 0.556758 0.486278 0.044239 0.057564
0 0.588667 0.524933 0.037274 0.055890
0 0.627071 0.547021 0.044428 0.051205
0 0.305535 0.322456 0.043298 0.045850
0 0.332267 0.315930 0.035015 0.047523
0 0.348174 0.328815 0.045369 0.041165
0 0.372459 0.291834 0.038592 0.044177
0 0.397308 0.290997 0.038592 0.046519
0 0.423569 0.295348 0.042545 0.053213
1 0.438347 0.309906 0.035203 0.035475
0 0.461973 0.310241 0.040286 0.050201
0 0.488799 0.316432 0.038592 0.037818
0 0.510542 0.309739 0.039157 0.044511
0 0.548287 0.305556 0.044616 0.034806
0 0.524849 0.336513 0.044804 0.051205
0 0.507718 0.371988 0.045934 0.049197
0 0.543298 0.381693 0.049322 0.041165
0 0.442206 0.391734 0.044428 0.039157
0 0.462067 0.404953 0.040851 0.048193
0 0.484469 0.406124 0.043863 0.043842
0 0.578878 0.310074 0.042169 0.039826
0 0.615399 0.307062 0.041039 0.035141
0 0.649285 0.311412 0.044428 0.034471
0 0.688347 0.325134 0.046875 0.038487
0 0.559300 0.338688 0.040286 0.042838
0 0.593750 0.343541 0.042545 0.047189
0 0.623588 0.347390 0.042733 0.044846
0 0.665757 0.366633 0.047628 0.048527
0 0.701901 0.356426 0.050640 0.047523
0 0.743129 0.367637 0.043486 0.049866
0 0.566453 0.376673 0.043675 0.040495
0 0.594974 0.415495 0.046498 0.045181
1 0.622459 0.425201 0.042733 0.039826
0 0.659262 0.433568 0.049699 0.044511
0 0.642319 0.486780 0.044804 0.060576
0 0.671122 0.482262 0.039157 0.049531
0 0.701054 0.494143 0.047816 0.054552
0 0.735693 0.502175 0.042169 0.053213
0 0.759130 0.491466 0.042733 0.063922
0 0.711502 0.537985 0.044992 0.047858
0 0.670745 0.515228 0.044804 0.052544
0 0.693806 0.561580 0.045745 0.064257
0 0.741811 0.560074 0.039721 0.055221
0 0.761483 0.574465 0.048193 0.065930
0 0.793204 0.577811 0.051770 0.049197
0 0.832549 0.629351 0.051770 0.067938
0 0.867752 0.642236 0.050640 0.050201
0 0.793675 0.518240 0.039910 0.048527
0 0.833114 0.528280 0.044616 0.061914
0 0.873494 0.544846 0.042922 0.046185
0 0.905120 0.536814 0.046687 0.056225
0 0.933735 0.582664 0.049322 0.055556
0 0.887331 0.693440 0.051017 0.061580
0 0.922534 0.694110 0.052523 0.052878
0 0.949925 0.744645 0.051205 0.063588
0 0.776167 0.357597 0.041039 0.044511
0 0.811182 0.368976 0.048193 0.047189
