0 0.543842 0.083396 0.038153 0.065512
0 0.528614 0.119447 0.039826 0.052523
0 0.507530 0.162274 0.035810 0.051205
0 0.484103 0.195783 0.043173 0.056476
0 0.529786 0.206419 0.042169 0.044239
0 0.535977 0.184394 0.031794 0.041604
0 0.472222 0.246894 0.058902 0.045745
0 0.399264 0.273249 0.062918 0.040851
0 0.376171 0.319183 0.056894 0.048381
0 0.327142 0.341209 0.076640 0.041227
0 0.321787 0.377071 0.065261 0.047440
0 0.553548 0.249906 0.054217 0.046122
0 0.549531 0.288874 0.049531 0.050640
0 0.499163 0.331231 0.047858 0.052146
0 0.499665 0.376977 0.054886 0.051017
0 0.441432 0.419145 0.050201 0.048381
0 0.431225 0.459149 0.064592 0.044428
0 0.394411 0.499529 0.056560 0.042733
0 0.388889 0.544145 0.053548 0.053652
0 0.643574 0.282191 0.049531 0.041792
0 0.659137 0.325584 0.051874 0.046122
0 0.661814 0.370011 0.039826 0.042733
0 0.662651 0.408038 0.038153 0.046122
0 0.681058 0.442395 0.046185 0.042922
0 0.698461 0.485034 0.036814 0.052899
0 0.718039 0.519014 0.043842 0.040286
0 0.731593 0.555817 0.046854 0.039345
0 0.726740 0.586502 0.047189 0.043486
0 0.536814 0.480045 0.041499 0.050075
0 0.564926 0.504706 0.042169 0.046687
0 0.538320 0.534921 0.051205 0.050640
0 0.501673 0.554405 0.044846 0.049322
0 0.478916 0.588950 0.042169 0.053652
0 0.470214 0.613893 0.048862 0.044428
0 0.446620 0.651920 0.047858 0.052334
0 0.437918 0.681664 0.055890 0.044804
0 0.527108 0.905215 0.039491 0.052523
0 0.413487 0.719127 0.049197 0.044428
0 0.408300 0.758001 0.047523 0.052146
0 0.338353 0.840456 0.064257 0.048758
0 0.321285 0.893166 0.049531 0.051393
0 0.260375 0.921122 0.065596 0.059111
0 0.520917 0.691642 0.043842 0.043675
0 0.508032 0.718938 0.038822 0.047816
0 0.473728 0.742846 0.040495 0.053464
0 0.426707 0.772496 0.046854 0.041227
0 0.398260 0.818148 0.050870 0.048569
0 0.596888 0.632248 0.042503 0.050640
0 0.620482 0.640060 0.038153 0.033133
0 0.597222 0.670463 0.036479 0.045745
0 0.590863 0.727033 0.047858 0.055723
0 0.572959 0.780591 0.042169 0.051393
0 0.539491 0.822195 0.045515 0.055158
0 0.551874 0.866623 0.044846 0.055158
