0 0.083490 0.509873 0.046875 0.060576
0 0.127353 0.527610 0.047628 0.041834
0 0.155215 0.514558 0.051770 0.047189
0 0.192489 0.537149 0.049511 0.054217
0 0.178652 0.479418 0.048193 0.045181
0 0.195595 0.489625 0.053464 0.038153
0 0.231457 0.531961 0.047628 0.043842
0 0.229575 0.453815 0.047628 0.037483
0 0.249153 0.450134 0.046122 0.039491
0 0.259507 0.492470 0.051393 0.045181
0 0.285674 0.532296 0.049887 0.049866
0 0.330008 0.531961 0.048946 0.055890
0 0.352127 0.568273 0.043110 0.058902
0 0.385919 0.585341 0.040663 0.052209
0 0.411803 0.597892 0.046498 0.051205
0 0.281062 0.444277 0.044428 0.049866
0 0.327090 0.440763 0.049134 0.036145
0 0.309864 0.476406 0.044428 0.039157
1 0.335749 0.497657 0.029556 0.029451
0 0.360410 0.497155 0.044239 0.046519
0 0.378859 0.460843 0.050264 0.033467
0 0.401638 0.504853 0.049887 0.046519
0 0.426299 0.487282 0.049134 0.041499
0 0.442771 0.554384 0.044428 0.048527
0 0.480233 0.570950 0.044051 0.058902
0 0.456043 0.466031 0.043486 0.049866
0 0.461973 0.504351 0.042922 0.037483
0 0.488517 0.532965 0.045181 0.048527
0 0.516755 0.549197 0.038780 0.039491
0 0.513648 0.595214 0.040474 0.051205
0 0.551111 0.604920 0.044616 0.047189
0 0.575772 0.607597 0.043863 0.040495
0 0.376130 0.399933 0.041792 0.036145
0 0.406721 0.403949 0.046122 0.028112
0 0.420651 0.413153 0.034827 0.027108
0 0.444559 0.420013 0.044992 0.039491
0 0.486916 0.477075 0.043486 0.045850
0 0.506212 0.458835 0.042922 0.046185
0 0.552334 0.470214 0.047816 0.041499
0 0.584902 0.497155 0.048569 0.049866
0 0.628389 0.503681 0.049322 0.034806
0 0.660768 0.529451 0.049699 0.036145
0 0.688065 0.554384 0.041039 0.039826
0 0.713950 0.589859 0.043110 0.049197
0 0.744917 0.595214 0.044428 0.047858
0 0.531250 0.423360 0.044804 0.052209
0 0.557417 0.405790 0.044804 0.044511
0 0.582455 0.426707 0.042922 0.034137
0 0.608245 0.465696 0.050075 0.047189
0 0.653614 0.472222 0.048946 0.052209
0 0.615493 0.406961 0.047252 0.037483
0 0.635636 0.382697 0.040851 0.039157
0 0.662086 0.391232 0.044051 0.041499
0 0.676487 0.443608 0.037086 0.049197
0 0.701807 0.461847 0.038027 0.055556
0 0.731457 0.471386 0.039345 0.045850
0 0.689853 0.502343 0.049134 0.044177
0 0.739081 0.538153 0.051958 0.048193
0 0.775508 0.559906 0.040474 0.044846
0 0.811653 0.564090 0.051017 0.049866
0 0.841867 0.580489 0.041039 0.046519
0 0.763837 0.449465 0.041980 0.045515
0 0.800734 0.481760 0.040474 0.046519
0 0.838008 0.473059 0.041227 0.045850
0 0.876977 0.468373 0.050640 0.035810
0 0.907944 0.435074 0.047816 0.051539
0 0.925358 0.456995 0.044992 0.031794
0 0.710090 0.342369 0.041792 0.037483
0 0.738140 0.355924 0.047440 0.046519
0 0.776167 0.349565 0.044428 0.039826
0 0.795275 0.330656 0.046875 0.034806
0 0.811559 0.333835 0.036145 0.028447
0 0.843844 0.340863 0.044992 0.040495
0 0.870105 0.332162 0.042169 0.041834
0 0.907662 0.349063 0.046875 0.047523
0 0.945312 0.329819 0.043110 0.033802
0 0.951337 0.354083 0.040474 0.029451
