0 0.473226 0.167169 0.016734 0.030873
0 0.480589 0.190983 0.024096 0.029932
0 0.476740 0.206890 0.023092 0.030120
0 0.472055 0.247741 0.020415 0.032003
1 0.475402 0.286050 0.023762 0.028803
0 0.464357 0.317583 0.019076 0.027861
0 0.513722 0.318336 0.024766 0.024849
0 0.526272 0.314477 0.017738 0.024661
0 0.516399 0.335184 0.022758 0.023155
0 0.496653 0.341114 0.022088 0.026355
0 0.524933 0.353539 0.016399 0.029367
0 0.496151 0.353633 0.017068 0.024285
0 0.468206 0.355516 0.023427 0.029932
0 0.454819 0.378577 0.023427 0.028991
0 0.459505 0.400226 0.023427 0.029744
0 0.495984 0.372270 0.020750 0.026920
0 0.522590 0.376506 0.018407 0.028238
0 0.499833 0.394672 0.025100 0.028050
0 0.518072 0.392508 0.020080 0.030120
0 0.510710 0.411050 0.022088 0.027673
0 0.515060 0.417451 0.024766 0.024285
0 0.499331 0.427240 0.024096 0.024661
0 0.498829 0.452372 0.020415 0.027861
0 0.529116 0.431852 0.023427 0.027108
0 0.524096 0.448419 0.019411 0.022590
0 0.522256 0.467432 0.019746 0.027861
0 0.467035 0.440794 0.029116 0.030685
0 0.462349 0.467715 0.029786 0.025414
0 0.485609 0.478445 0.023427 0.025038
0 0.440596 0.492282 0.027108 0.026732
0 0.465529 0.501883 0.018072 0.027108
0 0.432062 0.514872 0.031459 0.021461
0 0.451807 0.521367 0.018742 0.022779
0 0.416499 0.541792 0.025100 0.026355
0 0.436580 0.539251 0.024431 0.027673
0 0.415161 0.568524 0.025100 0.027108
0 0.535308 0.492752 0.020415 0.026544
0 0.561747 0.483528 0.023092 0.025414
0 0.571118 0.497176 0.021754 0.020708
0 0.567269 0.511954 0.028782 0.029179
0 0.512885 0.512519 0.023092 0.026920
0 0.508199 0.530779 0.025100 0.026544
0 0.562584 0.528803 0.024766 0.024473
0 0.555221 0.547063 0.017403 0.023343
0 0.570114 0.560053 0.023762 0.024473
0 0.516566 0.551017 0.021754 0.027108
0 0.500167 0.570407 0.026439 0.028238
0 0.532129 0.559488 0.026104 0.023343
0 0.530120 0.578502 0.024096 0.023720
0 0.529618 0.594597 0.023762 0.026544
0 0.508869 0.591867 0.023092 0.029744
0 0.490462 0.610410 0.026439 0.024661
0 0.477912 0.632718 0.027443 0.025979
0 0.545348 0.598645 0.021084 0.023343
0 0.523594 0.608528 0.026439 0.023532
0 0.551707 0.613799 0.024431 0.025038
0 0.565763 0.616058 0.025770 0.026167
0 0.551707 0.631118 0.021084 0.026167
0 0.566934 0.631871 0.014726 0.022402
0 0.512550 0.631683 0.028447 0.027673
0 0.497825 0.654179 0.027108 0.025979
0 0.499163 0.673099 0.025100 0.025414
0 0.485274 0.693712 0.030790 0.028614
0 0.530120 0.653050 0.030790 0.024849
0 0.565261 0.651450 0.019411 0.025791
0 0.530957 0.670934 0.028447 0.021837
0 0.530790 0.688347 0.024096 0.023532
0 0.566600 0.670369 0.019411 0.024473
0 0.549531 0.692959 0.018072 0.027108
0 0.572122 0.690606 0.021084 0.026167
0 0.576807 0.708584 0.022423 0.020331
0 0.529786 0.713385 0.026104 0.027297
0 0.524766 0.737387 0.023427 0.024473
0 0.510040 0.757436 0.024766 0.026544
0 0.492805 0.775697 0.019746 0.032191
0 0.474063 0.791886 0.023092 0.030685
0 0.560241 0.718468 0.029451 0.027673
0 0.554050 0.732681 0.026439 0.024849
0 0.560576 0.747929 0.026774 0.029367
0 0.564592 0.760354 0.027443 0.025979
0 0.569779 0.772590 0.029116 0.022590
0 0.568608 0.785862 0.028782 0.023155
1 0.537483 0.763554 0.024766 0.024473
0 0.529116 0.783791 0.024766 0.025038
0 0.530790 0.800828 0.025435 0.026732
0 0.541667 0.817206 0.023762 0.030120
0 0.559404 0.806476 0.025100 0.029367
0 0.567102 0.827090 0.027108 0.028426
0 0.560576 0.847703 0.022758 0.030497
0 0.572624 0.866905 0.024766 0.027485
0 0.559404 0.888648 0.025100 0.026920
0 0.528280 0.838667 0.029116 0.030497
0 0.526104 0.858245 0.029451 0.027485
0 0.518072 0.877730 0.028782 0.025791
0 0.519913 0.903709 0.025100 0.028050
0 0.507530 0.916227 0.022423 0.033509
