0 0.492303 0.192677 0.024096 0.030685
0 0.492972 0.213291 0.022758 0.027485
0 0.500000 0.256401 0.026104 0.032003
0 0.490127 0.295275 0.023762 0.026167
1 0.479083 0.323701 0.023762 0.029179
0 0.517236 0.309300 0.021754 0.026355
0 0.530622 0.321536 0.021084 0.027861
0 0.521921 0.335373 0.023092 0.028803
0 0.479418 0.350433 0.021754 0.029179
0 0.480422 0.380836 0.024431 0.032003
0 0.504351 0.349021 0.020750 0.027485
0 0.502343 0.368599 0.022088 0.028614
0 0.499331 0.387895 0.024096 0.027673
0 0.536981 0.371235 0.024431 0.027108
1 0.539157 0.390531 0.026104 0.024285
0 0.562584 0.354292 0.026104 0.024473
0 0.561245 0.367752 0.023427 0.025414
0 0.564424 0.389778 0.025770 0.026167
0 0.497490 0.411521 0.028447 0.028614
0 0.541834 0.408321 0.027443 0.026355
0 0.521921 0.420369 0.022423 0.028238
0 0.561747 0.413121 0.020415 0.030309
0 0.488621 0.438253 0.025435 0.028614
0 0.522088 0.435429 0.023427 0.025602
0 0.556058 0.432982 0.024431 0.027861
0 0.489625 0.458302 0.028112 0.024285
0 0.523594 0.455949 0.023092 0.028238
0 0.547523 0.461220 0.022088 0.029744
0 0.476740 0.477692 0.023092 0.027297
0 0.519578 0.477127 0.030455 0.029179
0 0.534304 0.486163 0.021084 0.026544
0 0.469210 0.501506 0.021419 0.025602
0 0.501673 0.501694 0.029451 0.027861
0 0.523929 0.513366 0.021754 0.027861
0 0.576473 0.490399 0.024431 0.026355
0 0.569946 0.502541 0.026104 0.024285
0 0.560074 0.515248 0.029116 0.024849
0 0.465194 0.525979 0.023427 0.025602
0 0.488286 0.528709 0.028782 0.026167
0 0.512885 0.540004 0.024431 0.027673
0 0.465194 0.548193 0.025435 0.022967
0 0.456660 0.571254 0.028447 0.026167
0 0.449967 0.594597 0.028447 0.027297
0 0.505020 0.567865 0.021419 0.028050
0 0.497825 0.593279 0.022423 0.029179
0 0.567938 0.536521 0.022758 0.025602
0 0.558902 0.553276 0.022088 0.023343
0 0.559404 0.570877 0.029116 0.026920
0 0.529451 0.573983 0.025435 0.024473
0 0.598226 0.538874 0.020415 0.027297
0 0.589692 0.555629 0.021419 0.031062
0 0.584337 0.568806 0.023427 0.031438
0 0.576138 0.585090 0.021754 0.026355
1 0.523929 0.590644 0.024431 0.023908
1 0.529284 0.607304 0.031794 0.025602
0 0.529451 0.621611 0.028782 0.028614
0 0.566767 0.607587 0.021754 0.028426
0 0.563755 0.621800 0.024431 0.027108
0 0.545850 0.634413 0.022088 0.027861
0 0.585676 0.620105 0.027443 0.030120
0 0.575971 0.634036 0.023427 0.028614
0 0.508032 0.639872 0.028112 0.028614
0 0.583333 0.651638 0.020750 0.028050
0 0.599900 0.657756 0.019746 0.028614
0 0.530957 0.653709 0.020415 0.026920
0 0.502845 0.666227 0.026439 0.028238
0 0.478916 0.678934 0.032798 0.025414
0 0.518072 0.677334 0.021419 0.030120
0 0.499833 0.699078 0.025100 0.029179
0 0.469545 0.703313 0.026104 0.027861
0 0.487952 0.721574 0.024096 0.028238
0 0.473059 0.737858 0.024431 0.029932
0 0.604083 0.676393 0.028112 0.028238
0 0.600234 0.691171 0.027778 0.026920
0 0.573963 0.692771 0.021419 0.027108
0 0.573293 0.712538 0.024766 0.030120
0 0.597055 0.713479 0.028112 0.027108
0 0.562249 0.728163 0.021419 0.028991
0 0.528614 0.732963 0.027778 0.025791
0 0.540997 0.741152 0.025770 0.028614
0 0.509203 0.756118 0.031794 0.028050
0 0.549699 0.759977 0.018407 0.029744
0 0.602577 0.736069 0.022423 0.027861
0 0.608601 0.757154 0.027108 0.029744
0 0.616299 0.779179 0.021754 0.029367
0 0.623996 0.799134 0.025770 0.027861
0 0.637383 0.821348 0.021754 0.026732
0 0.535141 0.776920 0.025435 0.028614
0 0.522256 0.783697 0.021754 0.027108
0 0.503179 0.790098 0.031794 0.031627
0 0.506693 0.808076 0.028112 0.026920
0 0.486780 0.814194 0.029116 0.025226
0 0.497323 0.830384 0.032129 0.027485
0 0.455823 0.832831 0.034137 0.028238
0 0.443775 0.853257 0.029451 0.027297
0 0.476740 0.852033 0.023762 0.024849
0 0.483434 0.868976 0.031124 0.030120
1 0.408133 0.864646 0.033133 0.026732
0 0.403280 0.880365 0.032129 0.026167
