0 0.971197 0.492805 0.048193 0.043842
0 0.947854 0.501339 0.045934 0.036145
0 0.909262 0.501841 0.043675 0.033133
0 0.870011 0.514893 0.038592 0.033133
0 0.834337 0.501171 0.036521 0.046519
0 0.895802 0.405622 0.037839 0.032129
0 0.874623 0.417001 0.044804 0.046185
0 0.835655 0.423527 0.046687 0.039826
0 0.802334 0.432396 0.039157 0.040830
0 0.807982 0.516232 0.041416 0.035141
0 0.772402 0.523594 0.042922 0.035810
0 0.807605 0.601573 0.045934 0.048527
0 0.771084 0.581995 0.042169 0.048193
0 0.738328 0.592369 0.045934 0.043507
0 0.701807 0.569110 0.044804 0.045181
0 0.758754 0.447456 0.049511 0.042169
0 0.729575 0.465863 0.043863 0.039491
0 0.650226 0.562751 0.045557 0.039157
0 0.690041 0.462182 0.036709 0.035475
0 0.693712 0.411814 0.044051 0.035141
0 0.668957 0.439759 0.044992 0.030790
0 0.642508 0.474565 0.045181 0.028782
0 0.615399 0.523929 0.045934 0.039826
0 0.577278 0.548527 0.046498 0.033467
0 0.587349 0.535643 0.046310 0.039157
0 0.542169 0.545013 0.043298 0.034471
0 0.632624 0.448628 0.042357 0.033802
0 0.596856 0.466867 0.044992 0.032129
0 0.554970 0.467202 0.045557 0.038153
0 0.495670 0.672189 0.041039 0.042503
0 0.456890 0.653447 0.045557 0.046519
0 0.418863 0.640730 0.040663 0.042503
0 0.516660 0.493809 0.044616 0.043173
0 0.519578 0.366633 0.038780 0.049197
0 0.488611 0.365295 0.039345 0.043842
0 0.459902 0.407129 0.044804 0.048527
0 0.482022 0.485776 0.043110 0.039826
0 0.455478 0.479083 0.040474 0.028447
0 0.433453 0.501673 0.043110 0.044177
0 0.409827 0.423360 0.039910 0.050201
0 0.382248 0.610442 0.044239 0.050201
0 0.340361 0.603748 0.045557 0.039491
0 0.293675 0.582497 0.048946 0.051205
1 0.240493 0.558735 0.048381 0.037818
0 0.270331 0.547523 0.047816 0.033467
0 0.343938 0.480254 0.041792 0.030120
0 0.333490 0.505355 0.043486 0.024766
0 0.314759 0.493474 0.046687 0.051205
0 0.359187 0.437249 0.045557 0.041165
0 0.331984 0.440428 0.042733 0.035475
0 0.300922 0.449967 0.047628 0.035141
0 0.268166 0.461011 0.038215 0.033802
0 0.236163 0.475067 0.043486 0.038487
0 0.196160 0.481258 0.045181 0.035475
0 0.215267 0.431560 0.048758 0.043842
0 0.184111 0.458501 0.049699 0.031459
0 0.150885 0.463521 0.047628 0.047523
0 0.110787 0.496988 0.051770 0.038822
0 0.072007 0.501841 0.044992 0.045850
