0 0.021837 0.487115 0.041039 0.028447
0 0.058076 0.483936 0.045745 0.033467
0 0.098362 0.479920 0.046122 0.035475
0 0.133660 0.488956 0.049322 0.038822
0 0.079537 0.531459 0.044992 0.046185
0 0.121988 0.542503 0.044428 0.044846
0 0.104857 0.533969 0.042922 0.045181
0 0.149096 0.589859 0.045557 0.057229
0 0.194748 0.592871 0.049511 0.037149
0 0.224586 0.620984 0.052711 0.043173
0 0.264025 0.659471 0.048005 0.044511
0 0.152014 0.452979 0.052523 0.031124
0 0.173005 0.470884 0.048946 0.036145
0 0.194748 0.496821 0.046498 0.037149
0 0.199925 0.524598 0.045557 0.046519
0 0.228916 0.516734 0.042545 0.038822
0 0.264119 0.555890 0.059488 0.053548
0 0.291133 0.589692 0.043863 0.044846
0 0.320689 0.639893 0.043863 0.066934
0 0.348833 0.679384 0.042922 0.063588
0 0.379142 0.733601 0.049322 0.052878
0 0.412180 0.775268 0.046122 0.045850
0 0.434770 0.824632 0.046498 0.059572
0 0.288215 0.709505 0.045181 0.052209
0 0.325489 0.752175 0.053464 0.058568
0 0.464797 0.897590 0.046687 0.072289
0 0.238799 0.458668 0.041227 0.043173
0 0.254706 0.457831 0.046310 0.046854
1 0.271649 0.445616 0.043298 0.037818
0 0.292451 0.446954 0.042357 0.040495
0 0.308264 0.486278 0.039721 0.038153
0 0.338479 0.500335 0.043675 0.049531
0 0.367658 0.514056 0.042922 0.044846
0 0.386201 0.515562 0.038592 0.039157
0 0.411333 0.523929 0.041416 0.041165
0 0.414533 0.540495 0.039910 0.041499
0 0.452560 0.570448 0.045181 0.043173
0 0.486352 0.590194 0.043486 0.045181
0 0.518919 0.613454 0.040098 0.053548
0 0.560994 0.634036 0.039910 0.049866
0 0.325395 0.397423 0.042357 0.023762
0 0.338197 0.406459 0.036333 0.026439
0 0.366529 0.412985 0.036145 0.032798
0 0.389213 0.440596 0.037462 0.033802
0 0.411898 0.449465 0.036145 0.032798
0 0.425734 0.461847 0.043110 0.023427
0 0.444559 0.474063 0.043863 0.031794
0 0.435147 0.489625 0.048758 0.031459
0 0.446160 0.516566 0.039910 0.035141
0 0.470162 0.534806 0.041604 0.055556
0 0.499529 0.526774 0.036333 0.047523
0 0.512707 0.541834 0.038215 0.033467
0 0.533038 0.557898 0.044992 0.037483
0 0.564006 0.591533 0.042545 0.035141
0 0.587067 0.625837 0.046498 0.038822
0 0.616340 0.654284 0.046310 0.035475
0 0.635166 0.688755 0.045557 0.036814
0 0.656062 0.725234 0.044804 0.048862
0 0.681476 0.771084 0.044804 0.047523
0 0.462726 0.415161 0.042169 0.033133
0 0.483810 0.401941 0.032756 0.018742
0 0.514307 0.408133 0.040286 0.025770
0 0.522873 0.455823 0.035580 0.036814
0 0.544804 0.475736 0.033886 0.054552
0 0.574360 0.484940 0.036145 0.048193
0 0.594409 0.489793 0.033697 0.045850
0 0.623588 0.493474 0.037086 0.041834
0 0.647120 0.513387 0.043863 0.045515
0 0.657380 0.569612 0.038027 0.051539
0 0.693806 0.603079 0.039721 0.057564
0 0.729104 0.638889 0.039910 0.054217
0 0.765531 0.665997 0.038968 0.061580
0 0.797346 0.706827 0.038215 0.064257
0 0.832831 0.737450 0.042545 0.069277
0 0.552899 0.366968 0.042169 0.043173
0 0.574172 0.383869 0.042169 0.042838
0 0.585938 0.419009 0.037086 0.042838
0 0.600621 0.424531 0.038215 0.055890
0 0.608716 0.394913 0.037462 0.040161
0 0.624812 0.387383 0.036521 0.041165
0 0.658980 0.379016 0.035956 0.039826
0 0.685053 0.370649 0.039910 0.039826
0 0.708867 0.398092 0.042357 0.032463
0 0.735599 0.383701 0.040474 0.043173
0 0.639966 0.377175 0.047252 0.052878
1 0.772779 0.390228 0.035392 0.036814
0 0.665098 0.322456 0.031250 0.053882
0 0.685900 0.328146 0.027673 0.048527
0 0.707267 0.307731 0.030873 0.049866
0 0.718938 0.319946 0.028991 0.042838
0 0.741999 0.317771 0.034827 0.047189
0 0.760448 0.307898 0.034074 0.039491
0 0.783603 0.307898 0.032944 0.049531
0 0.820124 0.295348 0.037086 0.039826
0 0.845821 0.309906 0.036898 0.037483
0 0.868035 0.281627 0.036521 0.037818
0 0.885919 0.289491 0.032003 0.038822
0 0.911239 0.279284 0.028803 0.045850
0 0.762613 0.373829 0.051581 0.036145
0 0.793204 0.369478 0.035956 0.039491
0 0.792263 0.398762 0.035956 0.039157
0 0.816642 0.411981 0.037274 0.040830
0 0.820312 0.364123 0.042357 0.046185
0 0.852786 0.371486 0.043675 0.046185
0 0.883189 0.362450 0.042357 0.044177
0 0.911521 0.376004 0.038027 0.035810
0 0.933829 0.348896 0.038215 0.041165
0 0.953878 0.360442 0.041039 0.030790
