0 0.506359 0.081043 0.037483 0.044616
0 0.493474 0.121423 0.035141 0.043298
0 0.498494 0.163404 0.040495 0.043675
0 0.537483 0.170934 0.037483 0.045181
0 0.529451 0.195877 0.036814 0.041980
0 0.582999 0.195407 0.036145 0.044428
0 0.588855 0.216491 0.039157 0.036521
0 0.488454 0.206514 0.039157 0.049322
0 0.490462 0.235505 0.037149 0.043675
0 0.592369 0.238517 0.036145 0.041039
0 0.532129 0.249718 0.040161 0.046122
0 0.501841 0.284827 0.041165 0.048193
0 0.520582 0.306570 0.033133 0.048005
0 0.565094 0.263272 0.021754 0.040474
0 0.565261 0.290286 0.027443 0.041416
0 0.580991 0.316265 0.042169 0.042169
0 0.606091 0.264590 0.039491 0.039721
0 0.607932 0.281250 0.044511 0.033509
0 0.626004 0.312312 0.036479 0.039157
0 0.626673 0.346762 0.034471 0.039157
0 0.560743 0.335655 0.030455 0.046310
0 0.521419 0.352410 0.042169 0.046310
0 0.573963 0.386295 0.028782 0.041416
0 0.636044 0.381401 0.036479 0.032380
0 0.645917 0.414439 0.036814 0.037839
0 0.658635 0.440700 0.045515 0.033509
0 0.506024 0.390813 0.041499 0.041416
0 0.534639 0.414721 0.044511 0.041416
0 0.504016 0.428464 0.040830 0.044428
0 0.514893 0.453031 0.037149 0.040851
0 0.613621 0.465267 0.041165 0.042357
0 0.671687 0.470538 0.044846 0.034827
0 0.647423 0.463102 0.043173 0.033133
0 0.638889 0.481551 0.036814 0.033886
0 0.685743 0.497741 0.032798 0.035392
0 0.664659 0.502824 0.038822 0.041039
0 0.600904 0.496141 0.040495 0.040851
0 0.497323 0.492470 0.038822 0.039157
0 0.476238 0.534356 0.038822 0.041604
0 0.462684 0.567677 0.045181 0.042357
0 0.576138 0.522967 0.037149 0.038404
0 0.589357 0.536992 0.044177 0.038215
0 0.648762 0.548663 0.033802 0.037462
0 0.630020 0.531532 0.035141 0.036709
0 0.633199 0.571819 0.038153 0.039345
0 0.623159 0.596856 0.037483 0.037462
0 0.569444 0.560241 0.029116 0.041039
0 0.536647 0.574831 0.038487 0.043486
0 0.570114 0.603445 0.028447 0.041980
0 0.631359 0.629236 0.032463 0.037462
0 0.631191 0.663027 0.032798 0.036898
0 0.589525 0.648908 0.031794 0.041792
0 0.566432 0.630459 0.030455 0.042922
0 0.540495 0.657474 0.041499 0.041604
0 0.441098 0.605045 0.036814 0.042545
0 0.534137 0.688724 0.028782 0.038968
0 0.509371 0.715926 0.037483 0.041039
0 0.618809 0.697854 0.040161 0.036145
0 0.590361 0.673381 0.028782 0.037274
0 0.586011 0.696630 0.025435 0.037462
0 0.607597 0.742846 0.034471 0.043675
0 0.576807 0.737858 0.030455 0.035203
0 0.552711 0.727127 0.039157 0.037086
0 0.535308 0.761107 0.051205 0.035392
0 0.550535 0.768637 0.026104 0.039533
0 0.521084 0.781062 0.056225 0.039157
0 0.578481 0.809017 0.029786 0.044992
0 0.520415 0.804688 0.040830 0.039345
0 0.546185 0.848927 0.039491 0.046122
0 0.515395 0.834902 0.038153 0.037651
0 0.482597 0.866717 0.045515 0.039533
0 0.525435 0.886013 0.039491 0.042733
0 0.468373 0.896367 0.044511 0.040851
0 0.480254 0.920463 0.048193 0.038968
0 0.451305 0.944654 0.040495 0.046310
0 0.413822 0.967432 0.043842 0.042922
