0 0.985599 0.627845 0.027673 0.044177
0 0.973833 0.584337 0.027861 0.046854
0 0.950866 0.571620 0.030873 0.056894
0 0.930064 0.517738 0.035203 0.041499
0 0.917169 0.510710 0.030873 0.044846
0 0.933170 0.397758 0.033509 0.031124
0 0.904367 0.386881 0.032756 0.029451
0 0.874153 0.382028 0.032944 0.021754
0 0.846386 0.375669 0.038027 0.024431
0 0.887142 0.467035 0.042357 0.026439
1 0.875565 0.484103 0.038780 0.037149
0 0.856175 0.441767 0.041792 0.021419
0 0.825584 0.451640 0.034827 0.039157
0 0.813724 0.465194 0.034450 0.038153
0 0.787086 0.473728 0.029744 0.045850
0 0.784450 0.444110 0.038780 0.034806
0 0.761201 0.463855 0.024285 0.052878
0 0.740964 0.444612 0.021084 0.057898
0 0.822195 0.339525 0.034827 0.026439
0 0.805441 0.364290 0.035203 0.033133
0 0.796781 0.345716 0.034450 0.032798
0 0.766566 0.348896 0.036145 0.035810
0 0.765625 0.408467 0.040286 0.033802
0 0.781627 0.396419 0.038027 0.027108
0 0.758660 0.396252 0.038404 0.026774
0 0.726280 0.393574 0.035392 0.031459
0 0.735975 0.357597 0.038215 0.027778
0 0.708208 0.403614 0.037274 0.021419
0 0.701713 0.357262 0.036333 0.024431
0 0.732398 0.522256 0.033697 0.041834
0 0.720915 0.563755 0.037839 0.045850
0 0.690983 0.550870 0.032568 0.042838
0 0.655779 0.639726 0.040851 0.046519
0 0.665663 0.542336 0.037651 0.045850
0 0.671781 0.497490 0.036709 0.041165
0 0.624059 0.608601 0.035768 0.042503
0 0.664251 0.368809 0.038592 0.028112
0 0.681288 0.410475 0.035768 0.029786
0 0.661145 0.409471 0.038404 0.031124
0 0.594597 0.582329 0.033697 0.046854
0 0.636578 0.476071 0.038215 0.035810
0 0.622741 0.520750 0.038027 0.040161
0 0.594880 0.489458 0.036521 0.041834
0 0.561276 0.545013 0.038215 0.035141
0 0.514872 0.644411 0.039533 0.037818
0 0.519390 0.554384 0.037651 0.040495
0 0.480422 0.620147 0.030873 0.044846
0 0.457455 0.582162 0.038404 0.034471
0 0.489175 0.539993 0.030309 0.046519
0 0.523155 0.513387 0.036521 0.042169
0 0.466962 0.533802 0.031438 0.038153
0 0.557511 0.472724 0.034450 0.039157
0 0.603351 0.440763 0.034639 0.034806
0 0.583773 0.440094 0.036898 0.040161
0 0.563065 0.442102 0.030120 0.038822
0 0.540663 0.432898 0.033886 0.031124
0 0.633377 0.381359 0.030685 0.023762
0 0.612764 0.367805 0.031627 0.026774
0 0.594221 0.363286 0.032944 0.026439
0 0.567018 0.365295 0.038027 0.024431
0 0.544051 0.358099 0.035015 0.028782
0 0.525602 0.348561 0.035768 0.027108
1 0.423193 0.546854 0.036521 0.032798
0 0.438630 0.505689 0.038027 0.034137
1 0.387331 0.514726 0.041980 0.025435
0 0.488422 0.468876 0.035580 0.030120
0 0.513931 0.445950 0.035015 0.039157
0 0.490023 0.422523 0.033886 0.031124
0 0.519014 0.405455 0.035392 0.027778
0 0.499341 0.386379 0.035203 0.022423
0 0.478445 0.377175 0.035580 0.027443
0 0.466209 0.420348 0.032944 0.044177
0 0.460655 0.445616 0.037274 0.023762
0 0.406721 0.486111 0.035580 0.030455
0 0.444277 0.432229 0.037274 0.032463
0 0.437877 0.404786 0.030873 0.023762
0 0.421122 0.387550 0.033509 0.032129
0 0.422722 0.434572 0.026544 0.041834
0 0.402673 0.396921 0.032003 0.030790
0 0.387236 0.379183 0.037651 0.026774
0 0.396178 0.433233 0.034074 0.033802
0 0.384601 0.410475 0.039533 0.028447
0 0.363705 0.424197 0.036145 0.027108
0 0.372364 0.451807 0.033509 0.036145
0 0.344127 0.488119 0.039157 0.038487
0 0.342056 0.540328 0.040663 0.041834
0 0.313441 0.516232 0.041416 0.039826
0 0.279838 0.504685 0.034827 0.043507
0 0.250282 0.466867 0.039345 0.038153
0 0.304405 0.451807 0.037274 0.036145
0 0.346009 0.438588 0.032756 0.043173
0 0.340644 0.406627 0.034450 0.030790
0 0.322195 0.381359 0.036333 0.033133
0 0.320595 0.431058 0.033886 0.040161
0 0.302240 0.420348 0.037462 0.042169
0 0.278426 0.423862 0.029367 0.029116
0 0.256683 0.413487 0.032944 0.035810
0 0.214420 0.463855 0.041416 0.037483
0 0.275414 0.384371 0.040286 0.031794
0 0.294992 0.350904 0.042545 0.029786
0 0.249247 0.369645 0.034262 0.031124
0 0.243882 0.391566 0.034074 0.030120
0 0.220162 0.389224 0.033697 0.024096
0 0.177805 0.442604 0.037462 0.031794
0 0.195689 0.408133 0.037086 0.035810
0 0.144484 0.427711 0.036333 0.039491
0 0.161803 0.411814 0.034827 0.029786
0 0.175075 0.384371 0.036145 0.027108
0 0.189853 0.358768 0.035203 0.029451
0 0.166039 0.352410 0.032756 0.025435
0 0.139025 0.355422 0.034827 0.030790
0 0.117376 0.353748 0.032944 0.037483
0 0.121329 0.437918 0.030685 0.029116
0 0.099021 0.437751 0.034639 0.026104
0 0.081702 0.429886 0.039157 0.028447
0 0.104857 0.385877 0.036145 0.025435
0 0.061465 0.386546 0.034074 0.023427
0 0.703407 0.501673 0.031815 0.039491
