0 0.065889 0.444946 0.035392 0.030455
0 0.100056 0.452477 0.035956 0.036814
0 0.130648 0.457664 0.035392 0.039157
0 0.144672 0.445281 0.037839 0.031124
0 0.166980 0.451138 0.033509 0.037483
0 0.184959 0.486948 0.036709 0.039491
0 0.224586 0.495147 0.035015 0.044511
0 0.258471 0.528447 0.035768 0.032798
0 0.288874 0.533969 0.036709 0.030455
0 0.318524 0.545013 0.035392 0.032463
0 0.337161 0.539324 0.038027 0.031124
0 0.191077 0.446954 0.033133 0.035810
0 0.206702 0.456493 0.035768 0.028782
0 0.238234 0.463186 0.038592 0.034137
0 0.226280 0.436914 0.035768 0.023762
0 0.251788 0.435910 0.029932 0.021084
0 0.265719 0.436078 0.034450 0.023427
0 0.284544 0.450636 0.034450 0.028447
0 0.303558 0.464525 0.036709 0.030120
0 0.309394 0.502175 0.034827 0.041834
0 0.330478 0.493474 0.034450 0.042503
0 0.361634 0.480756 0.037274 0.030455
0 0.378765 0.514893 0.040286 0.035810
0 0.402485 0.507865 0.037274 0.049866
0 0.428652 0.527108 0.035392 0.037483
0 0.453219 0.536312 0.034074 0.043173
0 0.482304 0.547691 0.039157 0.043173
0 0.269672 0.410475 0.040851 0.031794
0 0.302334 0.409304 0.036145 0.034137
0 0.333584 0.390395 0.038027 0.031794
0 0.350809 0.379351 0.028426 0.016399
0 0.365681 0.391064 0.037086 0.031794
0 0.392319 0.386212 0.038027 0.034806
0 0.429311 0.375167 0.037462 0.031459
0 0.415945 0.401941 0.034827 0.029451
0 0.440136 0.400435 0.030873 0.025770
0 0.457078 0.376339 0.031627 0.030455
0 0.484281 0.367303 0.036333 0.027108
0 0.513648 0.366633 0.034450 0.030455
0 0.529085 0.350234 0.034450 0.035141
0 0.459808 0.393072 0.029932 0.031124
0 0.481928 0.389726 0.035392 0.034471
0 0.502824 0.389893 0.035015 0.034137
0 0.519578 0.389391 0.034262 0.031794
0 0.541792 0.391232 0.033886 0.030120
0 0.576807 0.378012 0.039533 0.028447
0 0.606081 0.374331 0.035580 0.027778
0 0.639401 0.376004 0.040098 0.026439
0 0.660109 0.374331 0.036333 0.029786
0 0.678276 0.389056 0.037651 0.029116
0 0.389872 0.467704 0.035015 0.028447
0 0.407474 0.462851 0.032568 0.033467
0 0.425734 0.472222 0.026167 0.024766
0 0.446536 0.451305 0.035392 0.023762
0 0.463385 0.429886 0.032191 0.019746
0 0.481834 0.448628 0.038968 0.029116
0 0.503859 0.431058 0.038968 0.026774
0 0.532380 0.423862 0.039910 0.027108
0 0.556758 0.422189 0.036333 0.027108
0 0.581984 0.413153 0.036333 0.028447
0 0.606081 0.412316 0.037839 0.026774
0 0.623588 0.396754 0.032944 0.025100
0 0.555629 0.524431 0.035956 0.042169
0 0.570971 0.522423 0.032756 0.043507
0 0.592338 0.540328 0.034074 0.038487
0 0.623682 0.529116 0.039910 0.038153
0 0.643072 0.530120 0.031627 0.030790
0 0.672440 0.558568 0.037274 0.041499
0 0.692395 0.612115 0.036521 0.048193
0 0.718373 0.631526 0.031627 0.055556
0 0.746800 0.662316 0.034639 0.055556
0 0.775885 0.674699 0.034074 0.050201
0 0.780497 0.590696 0.039533 0.038822
0 0.808735 0.613119 0.038027 0.046854
0 0.822572 0.599900 0.031815 0.035141
0 0.838385 0.633534 0.031062 0.056225
0 0.859093 0.664826 0.031438 0.047189
0 0.891755 0.676707 0.035768 0.043507
0 0.919145 0.709839 0.036709 0.037483
0 0.951431 0.733768 0.037651 0.039826
0 0.952184 0.758199 0.035768 0.053882
0 0.714703 0.518742 0.041604 0.034137
0 0.742470 0.533467 0.038404 0.040830
0 0.752541 0.515228 0.038592 0.035141
0 0.786333 0.514558 0.042545 0.027778
0 0.823042 0.534304 0.041792 0.042503
0 0.854198 0.535141 0.038968 0.037483
0 0.881683 0.558400 0.043110 0.035141
0 0.914721 0.545515 0.042169 0.033467
0 0.926958 0.569110 0.039533 0.028447
0 0.565230 0.471218 0.038592 0.033467
0 0.582925 0.487952 0.037086 0.026104
0 0.600339 0.477744 0.031627 0.031794
0 0.600527 0.485776 0.029367 0.025100
0 0.617564 0.454317 0.035956 0.026439
0 0.638742 0.457664 0.035768 0.027778
0 0.662839 0.482430 0.035392 0.035141
0 0.719691 0.473059 0.037274 0.035810
0 0.742941 0.451138 0.037462 0.027443
0 0.759224 0.469210 0.037274 0.037483
0 0.694089 0.460007 0.036145 0.037818
