0 0.061653 0.515730 0.040474 0.036814
0 0.096856 0.516232 0.052146 0.041834
0 0.126883 0.499163 0.047816 0.041834
0 0.152767 0.493641 0.050264 0.038153
0 0.174322 0.473059 0.051205 0.042503
0 0.204725 0.458835 0.050640 0.033467
0 0.234752 0.464525 0.044428 0.034137
0 0.250753 0.474230 0.030497 0.038822
0 0.268449 0.472222 0.037651 0.045515
0 0.223362 0.533300 0.048381 0.047189
0 0.246423 0.517738 0.046687 0.038822
0 0.280026 0.562082 0.043486 0.037818
0 0.314288 0.551037 0.045369 0.043173
0 0.354010 0.563588 0.045369 0.045515
0 0.284544 0.447289 0.039721 0.030455
0 0.274661 0.430388 0.046687 0.039491
0 0.305817 0.444277 0.042733 0.043842
0 0.310241 0.429050 0.042545 0.032129
0 0.331984 0.400100 0.038968 0.044511
0 0.336691 0.438086 0.043110 0.038153
0 0.369070 0.424197 0.043486 0.037149
0 0.360975 0.513052 0.052146 0.032798
1 0.375565 0.510877 0.034639 0.029786
1 0.389401 0.505187 0.037086 0.031794
0 0.391943 0.550703 0.045934 0.048527
0 0.425546 0.571787 0.048758 0.047858
0 0.452843 0.555221 0.048758 0.051539
0 0.415098 0.512216 0.041416 0.040495
0 0.428370 0.485274 0.044992 0.036814
0 0.449548 0.506191 0.043675 0.038487
0 0.470444 0.540830 0.047816 0.040830
0 0.408415 0.413487 0.038592 0.034471
0 0.441359 0.398594 0.034450 0.036814
0 0.470727 0.394578 0.039721 0.038822
0 0.486446 0.392570 0.034639 0.034806
0 0.484940 0.481258 0.047816 0.049531
0 0.514590 0.536145 0.046122 0.044177
0 0.544898 0.563755 0.047252 0.047189
0 0.578878 0.574130 0.041416 0.059237
0 0.613140 0.591365 0.042545 0.050870
0 0.642037 0.589023 0.040098 0.049531
0 0.522402 0.470549 0.037274 0.032798
0 0.524285 0.496821 0.044428 0.041165
0 0.566830 0.512718 0.044051 0.045515
0 0.585279 0.491131 0.050075 0.037149
0 0.583208 0.429719 0.040663 0.036814
0 0.602880 0.455321 0.043110 0.043173
0 0.632154 0.521252 0.045181 0.052544
0 0.665851 0.523762 0.056852 0.040161
0 0.711408 0.545348 0.050452 0.037818
0 0.755365 0.572289 0.050640 0.043507
0 0.624247 0.435074 0.044804 0.036814
0 0.652767 0.414157 0.038592 0.035810
0 0.661709 0.479585 0.046310 0.042169
0 0.690794 0.482597 0.043863 0.041499
0 0.688253 0.405455 0.043675 0.037818
0 0.710467 0.415663 0.046310 0.037483
0 0.720727 0.448795 0.047252 0.036145
0 0.720068 0.496319 0.043298 0.037483
0 0.748117 0.510375 0.050452 0.042838
0 0.766096 0.438755 0.045369 0.033467
0 0.800640 0.462517 0.043675 0.042838
0 0.842903 0.458668 0.045745 0.033133
0 0.872364 0.482597 0.044804 0.044846
0 0.795651 0.516566 0.048005 0.047189
0 0.829631 0.555556 0.041416 0.046185
1 0.872270 0.568106 0.042733 0.053213
0 0.901732 0.609438 0.039533 0.056225
0 0.931382 0.622657 0.039721 0.067938
