0 0.898908 0.588855 0.047440 0.030455
0 0.866152 0.569444 0.047440 0.034471
0 0.830384 0.555388 0.044804 0.041834
0 0.791133 0.538822 0.049887 0.033467
0 0.746047 0.519578 0.046687 0.033133
0 0.782662 0.397256 0.038215 0.028112
1 0.746329 0.406459 0.039721 0.027108
0 0.716114 0.421519 0.042922 0.023762
0 0.704443 0.506359 0.044804 0.032798
0 0.681099 0.479920 0.044804 0.029451
0 0.671310 0.430723 0.042922 0.028112
0 0.641284 0.439424 0.043110 0.028112
0 0.649944 0.488788 0.040851 0.027778
0 0.621800 0.472892 0.044428 0.022758
0 0.615964 0.433400 0.038027 0.036814
0 0.589232 0.421519 0.040286 0.031794
0 0.559676 0.443440 0.042169 0.023427
0 0.564100 0.454485 0.037839 0.020080
0 0.547534 0.464190 0.042357 0.028112
0 0.517884 0.466031 0.037651 0.030455
0 0.501788 0.468541 0.041980 0.032129
0 0.597986 0.581493 0.045369 0.047858
0 0.572383 0.549029 0.046875 0.028447
0 0.538404 0.533635 0.044428 0.031124
0 0.498212 0.517068 0.041980 0.028782
0 0.463479 0.523260 0.044428 0.043842
0 0.451431 0.589357 0.042545 0.040830
0 0.433923 0.567102 0.045181 0.039157
0 0.450866 0.496821 0.042545 0.025100
0 0.432135 0.484438 0.034450 0.028447
0 0.411427 0.487282 0.041604 0.036145
0 0.406721 0.510877 0.036709 0.035141
0 0.398720 0.547858 0.041039 0.044177
0 0.378389 0.484438 0.040663 0.045850
0 0.373023 0.514391 0.041604 0.028112
0 0.360410 0.546687 0.038215 0.035141
0 0.338950 0.523594 0.044239 0.044511
0 0.333867 0.503681 0.038968 0.033467
0 0.319183 0.474230 0.042733 0.028782
0 0.312218 0.524766 0.036709 0.040830
0 0.304405 0.477577 0.042545 0.037483
0 0.282474 0.494478 0.044239 0.045181
0 0.255648 0.501506 0.047063 0.043842
0 0.250282 0.441934 0.041227 0.027778
0 0.203690 0.469712 0.037651 0.039157
0 0.219409 0.463019 0.039345 0.041165
0 0.227316 0.440261 0.038215 0.027778
0 0.190230 0.438086 0.048381 0.025435
0 0.159733 0.440596 0.041227 0.025770
0 0.124341 0.441432 0.038592 0.030120
