0 0.077748 0.606928 0.053087 0.040495
0 0.124529 0.618641 0.040474 0.036479
0 0.161521 0.586847 0.042169 0.037149
0 0.187782 0.602912 0.040474 0.045850
0 0.222515 0.634538 0.041039 0.042169
0 0.246800 0.639726 0.036521 0.035810
0 0.278332 0.634873 0.037462 0.035475
0 0.245105 0.590529 0.047440 0.035810
0 0.217432 0.581325 0.046310 0.042169
0 0.200113 0.520415 0.042169 0.048193
0 0.218373 0.535475 0.044804 0.031459
0 0.247459 0.511379 0.044239 0.034137
0 0.271367 0.483936 0.040474 0.038153
0 0.295557 0.471386 0.030873 0.041165
0 0.315983 0.487617 0.036709 0.040161
0 0.353069 0.478916 0.041980 0.044177
0 0.318242 0.563922 0.041980 0.031459
0 0.294616 0.585509 0.040663 0.043173
0 0.336220 0.587182 0.043675 0.034471
0 0.322948 0.620649 0.042733 0.032463
0 0.353445 0.652108 0.046498 0.048527
1 0.168486 0.628681 0.050452 0.034471
0 0.369541 0.611948 0.038780 0.035810
0 0.391284 0.611948 0.032568 0.037818
0 0.409544 0.615629 0.031062 0.039826
0 0.390625 0.649766 0.041792 0.046519
0 0.420745 0.667001 0.042545 0.039491
0 0.459902 0.684572 0.041416 0.046519
0 0.437406 0.626339 0.041227 0.041834
0 0.468750 0.631191 0.043675 0.045515
0 0.381118 0.442771 0.037086 0.036145
0 0.421593 0.439926 0.041604 0.041834
0 0.446254 0.426205 0.035580 0.044511
0 0.415663 0.475904 0.038780 0.028112
0 0.435900 0.467704 0.029932 0.033133
0 0.461973 0.458166 0.038780 0.038822
0 0.486822 0.456493 0.030497 0.042838
0 0.483057 0.406292 0.038027 0.048193
0 0.506401 0.380020 0.037651 0.047858
0 0.502259 0.446118 0.034262 0.031459
0 0.530779 0.425870 0.033321 0.033133
0 0.571724 0.418173 0.038780 0.046519
0 0.600527 0.401104 0.034262 0.041834
0 0.632059 0.390562 0.035956 0.039491
0 0.651920 0.380522 0.033509 0.045515
0 0.670275 0.376339 0.034074 0.045181
0 0.491811 0.643574 0.039345 0.040830
0 0.510542 0.629183 0.045557 0.044177
0 0.534733 0.653112 0.039345 0.040495
0 0.558170 0.652276 0.037274 0.044846
0 0.592997 0.658969 0.039910 0.042838
0 0.539627 0.548025 0.038592 0.035141
0 0.518637 0.563922 0.039157 0.029451
0 0.561465 0.551037 0.038968 0.043173
0 0.570124 0.576305 0.032568 0.034137
0 0.582078 0.570783 0.042922 0.038487
0 0.612575 0.566098 0.036145 0.033802
0 0.634319 0.590696 0.041227 0.035475
0 0.663592 0.603414 0.038027 0.040830
0 0.562312 0.502677 0.036145 0.026774
0 0.596856 0.489793 0.039721 0.036479
0 0.616434 0.499665 0.039345 0.029451
0 0.650697 0.499498 0.037086 0.039157
0 0.665569 0.496821 0.032944 0.035141
0 0.634695 0.523260 0.042357 0.035141
1 0.578878 0.489960 0.035768 0.028782
0 0.693430 0.514224 0.043863 0.041165
0 0.719503 0.506024 0.044804 0.033467
0 0.746047 0.495482 0.039157 0.036479
0 0.771273 0.502677 0.038027 0.029451
0 0.792733 0.524598 0.038780 0.026439
0 0.827090 0.546854 0.041227 0.028782
0 0.855422 0.562918 0.035392 0.033467
0 0.710279 0.572289 0.040286 0.050201
0 0.732492 0.575971 0.034639 0.048862
0 0.757436 0.567102 0.044616 0.043173
0 0.795463 0.596720 0.037086 0.047523
0 0.827748 0.598394 0.036898 0.042169
0 0.835184 0.634036 0.045745 0.043173
0 0.699360 0.625669 0.036898 0.047858
0 0.760919 0.659471 0.035015 0.044511
0 0.789533 0.670515 0.039910 0.043173
1 0.725621 0.636044 0.039721 0.045850
0 0.770802 0.555556 0.040474 0.030790
0 0.798946 0.566098 0.040286 0.033802
0 0.891566 0.570281 0.038404 0.032129
0 0.912368 0.594712 0.035956 0.047523
0 0.949925 0.598561 0.042545 0.035141
0 0.875282 0.634705 0.051017 0.049866
0 0.896555 0.662149 0.038968 0.043173
0 0.933264 0.670348 0.043863 0.054217
0 0.959808 0.691600 0.037462 0.045850
0 0.969503 0.634705 0.043298 0.045181
