0 0.128483 0.539659 0.041604 0.050535
0 0.166980 0.578815 0.039910 0.049866
0 0.176864 0.640562 0.031438 0.072289
0 0.205290 0.652610 0.030685 0.064926
0 0.223174 0.715194 0.030309 0.065596
0 0.251694 0.727744 0.035768 0.052544
0 0.056099 0.404953 0.038780 0.058902
0 0.087914 0.413153 0.036145 0.023092
0 0.104292 0.426539 0.037274 0.029116
0 0.122835 0.444444 0.047252 0.042838
0 0.115211 0.477577 0.037651 0.052209
0 0.154273 0.509371 0.044239 0.060910
0 0.093938 0.453146 0.034639 0.046185
0 0.179123 0.487952 0.027673 0.033467
0 0.205196 0.500167 0.039910 0.037818
0 0.225245 0.525937 0.045369 0.041165
0 0.154273 0.472222 0.025414 0.033467
0 0.258189 0.568608 0.041980 0.055556
0 0.291227 0.594210 0.041792 0.053213
0 0.326713 0.628347 0.043863 0.042503
0 0.357116 0.650268 0.045181 0.039491
0 0.376318 0.680388 0.043675 0.035475
0 0.396837 0.708668 0.043298 0.041834
0 0.413780 0.745147 0.040286 0.049197
0 0.145425 0.387550 0.040098 0.034806
0 0.169239 0.387550 0.034639 0.037483
0 0.193053 0.392738 0.033697 0.035810
0 0.206514 0.380857 0.039157 0.037483
0 0.226468 0.413989 0.036898 0.039491
0 0.250377 0.404284 0.039157 0.036814
0 0.267602 0.421017 0.042357 0.044177
0 0.311559 0.455489 0.035015 0.042169
0 0.323889 0.468541 0.034827 0.047523
0 0.350527 0.487450 0.034639 0.051205
0 0.386672 0.491131 0.036898 0.041165
0 0.430535 0.510207 0.040663 0.038487
0 0.462538 0.527610 0.037274 0.043173
0 0.499247 0.546017 0.036145 0.044511
0 0.526732 0.559404 0.034262 0.043842
0 0.556852 0.563420 0.039910 0.042503
0 0.277767 0.306727 0.044239 0.027108
0 0.299511 0.324967 0.042169 0.031459
0 0.321913 0.321285 0.036521 0.026774
0 0.345350 0.337349 0.044239 0.036814
0 0.343938 0.272256 0.037274 0.041834
0 0.361540 0.271921 0.032568 0.042503
0 0.383095 0.272423 0.040286 0.034137
0 0.413027 0.272590 0.035768 0.042503
0 0.428370 0.289491 0.041980 0.038153
0 0.460090 0.250669 0.039157 0.043507
0 0.495482 0.232932 0.036145 0.039491
0 0.524285 0.223896 0.033886 0.036814
0 0.557605 0.223226 0.039157 0.038153
0 0.582267 0.220884 0.035392 0.036145
0 0.604763 0.225402 0.031815 0.031124
0 0.357116 0.383199 0.039157 0.035475
0 0.381495 0.372155 0.044239 0.031459
0 0.416980 0.368474 0.040663 0.034806
0 0.442959 0.359605 0.039533 0.029116
0 0.462161 0.323963 0.041039 0.034806
0 0.490023 0.332999 0.036898 0.044177
0 0.506212 0.357597 0.035392 0.041834
0 0.528238 0.347724 0.039533 0.039491
0 0.551299 0.337015 0.035580 0.033467
0 0.583020 0.324130 0.039157 0.039157
0 0.621423 0.336345 0.039910 0.032129
0 0.655873 0.318273 0.037274 0.040830
0 0.686559 0.314257 0.038780 0.032798
0 0.710561 0.291332 0.033697 0.041834
0 0.734940 0.292671 0.035768 0.045850
0 0.480045 0.455991 0.039910 0.049866
0 0.497741 0.439090 0.039157 0.039491
0 0.525414 0.459672 0.042169 0.042503
0 0.533509 0.496151 0.037651 0.044511
0 0.562688 0.497825 0.033886 0.051874
0 0.588008 0.503514 0.032191 0.050535
0 0.617188 0.512216 0.035203 0.045181
0 0.651355 0.529284 0.035392 0.045181
0 0.689288 0.532296 0.044992 0.048527
0 0.728257 0.544679 0.041604 0.047189
0 0.760542 0.555723 0.040663 0.049866
0 0.785674 0.565596 0.034074 0.038153
0 0.672910 0.497657 0.038592 0.036145
0 0.702560 0.499665 0.036898 0.036145
0 0.726092 0.473561 0.039533 0.030790
0 0.753012 0.525602 0.038027 0.044511
0 0.778238 0.512216 0.036898 0.041165
0 0.811370 0.556727 0.038027 0.042503
0 0.842715 0.569612 0.034450 0.044846
0 0.878012 0.591533 0.036145 0.042503
0 0.909356 0.589525 0.033321 0.047858
0 0.937971 0.598226 0.031438 0.043842
0 0.577654 0.400602 0.040851 0.034806
0 0.599774 0.407965 0.036521 0.033467
0 0.622176 0.415328 0.036898 0.035475
0 0.646273 0.419009 0.035015 0.032129
0 0.664062 0.432731 0.040851 0.028112
0 0.684676 0.418005 0.041792 0.034137
0 0.706702 0.415328 0.036898 0.034137
0 0.744541 0.414659 0.040286 0.035475
0 0.778709 0.463855 0.043486 0.035475
0 0.803934 0.488119 0.040098 0.045850
0 0.820783 0.491466 0.034639 0.056560
0 0.780685 0.417336 0.038027 0.032798
0 0.813065 0.430388 0.036145 0.038153
0 0.851374 0.431058 0.034827 0.030120
0 0.840456 0.466533 0.046875 0.043507
0 0.870576 0.490127 0.044239 0.041834
0 0.875565 0.445448 0.037274 0.032798
0 0.904744 0.465529 0.040286 0.042838
0 0.935335 0.482932 0.042357 0.042169
0 0.973174 0.466031 0.047252 0.047189
