0 0.543005 0.110222 0.044511 0.041604
0 0.520248 0.149191 0.055890 0.041604
0 0.493139 0.182229 0.045181 0.036898
0 0.479920 0.205384 0.052209 0.031627
0 0.455489 0.248212 0.045515 0.038968
0 0.484605 0.229386 0.042838 0.038968
0 0.606593 0.104575 0.029786 0.037086
0 0.591031 0.129047 0.040830 0.033697
0 0.575971 0.148249 0.045515 0.041227
0 0.554384 0.196536 0.039157 0.039157
0 0.606928 0.185900 0.024431 0.036709
0 0.596553 0.206231 0.027108 0.038215
0 0.583333 0.236634 0.025435 0.034262
0 0.520248 0.229669 0.047858 0.043675
0 0.493641 0.269014 0.068942 0.031250
0 0.512383 0.289439 0.039491 0.042733
0 0.481258 0.308547 0.038822 0.041039
0 0.436078 0.324925 0.053548 0.040286
0 0.402778 0.363517 0.059906 0.039910
0 0.246486 0.462538 0.065930 0.038780
0 0.260710 0.433264 0.075636 0.030309
0 0.322624 0.417263 0.068273 0.032568
0 0.348896 0.388178 0.065930 0.034639
0 0.445114 0.395802 0.046854 0.040098
0 0.457329 0.366340 0.049866 0.037651
0 0.501673 0.348362 0.044177 0.039345
0 0.519913 0.324642 0.032463 0.040098
0 0.544679 0.293863 0.029786 0.044428
0 0.572624 0.291416 0.040161 0.034262
0 0.562918 0.322383 0.041499 0.045745
0 0.542169 0.382248 0.040161 0.035203
0 0.556560 0.354198 0.052878 0.040851
0 0.526774 0.408415 0.035475 0.037839
0 0.501841 0.464232 0.046519 0.039910
0 0.491299 0.494917 0.041499 0.044804
0 0.443608 0.570783 0.048527 0.039533
0 0.460509 0.553652 0.054217 0.040286
0 0.467035 0.521084 0.046519 0.040286
0 0.515730 0.445312 0.034806 0.044992
0 0.557564 0.260260 0.036814 0.038215
0 0.634538 0.384601 0.028782 0.043298
0 0.631861 0.408321 0.029451 0.035392
0 0.629351 0.437312 0.032463 0.039533
0 0.643240 0.456702 0.031459 0.039157
0 0.649598 0.485881 0.036145 0.038780
0 0.647088 0.502730 0.033133 0.037086
0 0.640562 0.526544 0.042169 0.041039
0 0.541667 0.550640 0.051205 0.041039
0 0.570114 0.567959 0.037149 0.042545
0 0.648092 0.565512 0.037818 0.041792
0 0.646586 0.601562 0.038822 0.041604
0 0.496486 0.613234 0.042503 0.045369
0 0.555556 0.592903 0.034806 0.043863
0 0.492135 0.636389 0.041165 0.048381
0 0.484103 0.678464 0.053882 0.041792
0 0.454652 0.713667 0.039826 0.038780
0 0.365797 0.958396 0.038822 0.045934
0 0.386044 0.936935 0.047189 0.054217
0 0.406292 0.906532 0.040161 0.045745
0 0.431225 0.875471 0.041834 0.050640
0 0.449465 0.841397 0.040161 0.047628
0 0.426539 0.813159 0.040495 0.049887
0 0.474398 0.798663 0.030455 0.046498
0 0.424197 0.777485 0.043842 0.046687
0 0.448126 0.752071 0.042838 0.044051
0 0.490127 0.750847 0.039826 0.044616
0 0.510877 0.722044 0.032463 0.044992
0 0.499665 0.773720 0.030790 0.041792
0 0.574632 0.864552 0.032129 0.040851
0 0.647088 0.636954 0.027778 0.043863
0 0.652276 0.662933 0.026774 0.036709
0 0.639558 0.685053 0.028112 0.045557
0 0.616633 0.636201 0.035810 0.045745
0 0.601908 0.612481 0.034471 0.040474
0 0.597557 0.588761 0.027108 0.036333
0 0.560074 0.647026 0.037818 0.044428
0 0.557062 0.676017 0.043842 0.039910
0 0.570616 0.697101 0.036814 0.042169
0 0.607597 0.719032 0.033802 0.041604
0 0.588855 0.748306 0.043173 0.043298
0 0.597892 0.783509 0.042503 0.038404
0 0.584672 0.817771 0.042838 0.035768
0 0.601071 0.847986 0.038153 0.040851
