0 0.049134 0.486446 0.045557 0.027108
0 0.083773 0.494980 0.042922 0.040161
0 0.123588 0.476573 0.044616 0.029451
0 0.156156 0.486948 0.047628 0.031459
0 0.153426 0.523427 0.045934 0.029451
0 0.186465 0.468876 0.046875 0.028782
0 0.181382 0.531292 0.039721 0.027778
0 0.213855 0.527443 0.045181 0.037483
0 0.235693 0.536814 0.042922 0.042169
0 0.256965 0.466700 0.041039 0.037149
0 0.273249 0.485274 0.042357 0.040830
0 0.273532 0.536647 0.041792 0.039826
0 0.290004 0.549029 0.045745 0.031124
0 0.304688 0.474063 0.035203 0.028447
0 0.338950 0.472390 0.040098 0.028447
0 0.322289 0.552878 0.032756 0.050870
0 0.343468 0.513889 0.032944 0.026439
0 0.345821 0.554384 0.033886 0.037149
0 0.357210 0.578815 0.035956 0.048527
0 0.358904 0.539491 0.034074 0.028112
0 0.378859 0.526941 0.039721 0.033133
0 0.377353 0.470716 0.036333 0.027108
0 0.388554 0.566265 0.035768 0.038153
0 0.401826 0.518407 0.030685 0.028112
0 0.403803 0.505020 0.034262 0.025435
0 0.432323 0.513554 0.034074 0.025770
0 0.429593 0.525100 0.035392 0.026774
0 0.413027 0.472222 0.044051 0.029451
1 0.449548 0.477410 0.039910 0.020415
0 0.404367 0.574632 0.035392 0.044177
0 0.429405 0.584672 0.040286 0.044846
0 0.478633 0.480756 0.037462 0.025100
0 0.468468 0.539324 0.038592 0.031124
0 0.461032 0.617972 0.039157 0.038487
0 0.496517 0.624163 0.040098 0.044846
0 0.525885 0.653112 0.036709 0.040495
0 0.560053 0.661312 0.039910 0.038822
0 0.503953 0.525100 0.039157 0.031459
0 0.524661 0.455991 0.039157 0.029786
0 0.542075 0.511044 0.038215 0.023427
0 0.535392 0.539826 0.039533 0.036145
0 0.543486 0.443440 0.030497 0.024096
0 0.561935 0.444946 0.033133 0.029786
0 0.568618 0.506359 0.041604 0.025435
0 0.581419 0.530455 0.042733 0.030120
0 0.604669 0.544177 0.036145 0.029451
0 0.640248 0.557396 0.033509 0.039826
0 0.589326 0.503347 0.040098 0.026104
0 0.599492 0.451473 0.039721 0.041499
0 0.612387 0.484270 0.034262 0.026774
0 0.625188 0.423193 0.039157 0.037149
0 0.643731 0.509873 0.040098 0.033802
0 0.664251 0.423193 0.038215 0.039157
0 0.665098 0.447791 0.030120 0.028782
0 0.672063 0.511379 0.039533 0.033467
0 0.689759 0.442102 0.034262 0.028112
0 0.692112 0.384705 0.034450 0.045181
0 0.716491 0.372490 0.036145 0.051539
0 0.732681 0.328313 0.031627 0.046854
0 0.706419 0.522925 0.042733 0.033802
0 0.714891 0.439759 0.034450 0.030790
0 0.725715 0.516566 0.035015 0.039157
0 0.757059 0.517403 0.040474 0.035475
0 0.753483 0.488286 0.040098 0.029451
0 0.754612 0.423862 0.041604 0.028447
0 0.784074 0.429719 0.034262 0.028112
0 0.782097 0.480254 0.042733 0.032798
0 0.803840 0.435576 0.042169 0.034471
0 0.807982 0.482932 0.037274 0.034806
0 0.829255 0.516734 0.038027 0.038153
0 0.850621 0.505522 0.042357 0.041834
0 0.838102 0.426205 0.038027 0.038487
0 0.866623 0.447959 0.040098 0.028447
0 0.902203 0.428548 0.041604 0.037818
0 0.885072 0.533969 0.038215 0.036479
0 0.920934 0.442102 0.036521 0.026774
0 0.917639 0.536814 0.035580 0.041499
0 0.951242 0.560576 0.039533 0.041499
