0 0.947195 0.491131 0.047252 0.037818
0 0.915851 0.484438 0.038780 0.035810
0 0.881495 0.474732 0.041604 0.038487
0 0.866999 0.436078 0.043486 0.042838
0 0.847515 0.466198 0.044051 0.040161
0 0.840832 0.509705 0.038215 0.033467
0 0.808453 0.512383 0.038215 0.035475
0 0.835090 0.413989 0.040286 0.026104
0 0.807700 0.448795 0.038592 0.034806
0 0.773626 0.509705 0.046122 0.038153
0 0.776732 0.454317 0.045934 0.043173
0 0.797534 0.418340 0.032944 0.032798
0 0.764966 0.417169 0.039721 0.031794
0 0.721574 0.453648 0.047440 0.042503
0 0.748588 0.473059 0.043863 0.035810
0 0.732775 0.503347 0.043863 0.039491
0 0.700113 0.503179 0.042169 0.035141
0 0.723268 0.414324 0.043298 0.036814
0 0.692112 0.416667 0.044239 0.033467
0 0.663404 0.402778 0.042922 0.043173
0 0.654556 0.369311 0.045557 0.039826
0 0.628953 0.393072 0.038404 0.041165
0 0.617941 0.420348 0.040851 0.039491
0 0.651544 0.433735 0.036898 0.034137
0 0.657944 0.498829 0.042545 0.033133
0 0.624812 0.492303 0.041792 0.034806
0 0.627071 0.545850 0.047063 0.042838
0 0.594691 0.531124 0.042545 0.042838
0 0.599774 0.488286 0.044804 0.032798
0 0.571442 0.497323 0.045745 0.033467
0 0.564571 0.540830 0.046310 0.044177
0 0.533415 0.536479 0.042357 0.044846
0 0.592244 0.398762 0.041039 0.037818
0 0.559770 0.422021 0.044616 0.044177
0 0.494917 0.529451 0.046310 0.037483
0 0.523438 0.423025 0.039345 0.033467
0 0.508095 0.460007 0.043298 0.038487
0 0.489270 0.395917 0.044051 0.035475
0 0.458584 0.403447 0.044428 0.042503
0 0.424134 0.427376 0.045557 0.039491
0 0.480516 0.450301 0.039345 0.043842
0 0.466397 0.500837 0.042733 0.035810
0 0.453031 0.529786 0.041227 0.036814
0 0.445877 0.461847 0.040098 0.033467
0 0.404556 0.471386 0.043675 0.030455
0 0.415098 0.526606 0.042169 0.031124
0 0.398814 0.532463 0.037839 0.029451
0 0.375377 0.527610 0.036898 0.031124
0 0.377730 0.443273 0.047628 0.043842
0 0.375753 0.490797 0.040663 0.037149
0 0.347609 0.478581 0.041227 0.037483
0 0.333020 0.470549 0.045934 0.031459
0 0.307888 0.493809 0.043863 0.041834
0 0.295275 0.491299 0.045745 0.032798
0 0.285109 0.532965 0.041604 0.033133
0 0.254895 0.525602 0.042545 0.039826
0 0.252918 0.491299 0.043863 0.032129
0 0.233340 0.450134 0.047252 0.035475
0 0.203972 0.472222 0.041604 0.026104
0 0.205102 0.518072 0.047252 0.041499
0 0.165004 0.481760 0.043863 0.042503
0 0.126506 0.513889 0.048193 0.033802
0 0.084526 0.521252 0.041416 0.044511
