0 0.027767 0.445950 0.049511 0.033802
0 0.044239 0.472390 0.056099 0.037149
0 0.072477 0.452644 0.048193 0.035810
0 0.149002 0.493976 0.049887 0.052209
0 0.194277 0.524431 0.047816 0.060241
0 0.161427 0.448628 0.036333 0.044511
0 0.184676 0.449297 0.046687 0.034471
0 0.219597 0.443440 0.044992 0.046185
0 0.259036 0.485944 0.051581 0.032129
0 0.250659 0.526774 0.043110 0.036814
0 0.276450 0.518072 0.041604 0.033467
0 0.290192 0.557564 0.047628 0.039491
0 0.318053 0.587684 0.051017 0.046854
0 0.345727 0.598728 0.044992 0.048193
0 0.376506 0.619478 0.041416 0.054886
0 0.407850 0.679719 0.038968 0.057564
0 0.431570 0.732597 0.044239 0.049531
0 0.455572 0.782463 0.041416 0.051539
0 0.475527 0.837015 0.039157 0.058902
0 0.272402 0.463019 0.046310 0.038487
0 0.243223 0.423025 0.047816 0.044177
0 0.243976 0.441432 0.038780 0.035475
0 0.256118 0.407631 0.041604 0.032129
0 0.308735 0.532296 0.038404 0.037818
0 0.343185 0.560576 0.039533 0.047523
0 0.309676 0.427544 0.048569 0.042503
0 0.293016 0.423360 0.041980 0.032798
0 0.328313 0.410977 0.042545 0.029451
0 0.326995 0.469378 0.043298 0.045181
0 0.345256 0.497323 0.032756 0.052209
0 0.371800 0.531961 0.035392 0.061914
0 0.404462 0.556392 0.038215 0.063253
0 0.436465 0.603916 0.036709 0.060576
0 0.477598 0.639893 0.039533 0.058902
0 0.510166 0.677209 0.034262 0.061914
0 0.543957 0.708835 0.034074 0.064257
0 0.569089 0.750837 0.039533 0.063922
0 0.362764 0.403782 0.042922 0.028447
0 0.420651 0.407798 0.039345 0.033802
0 0.441547 0.419177 0.042733 0.041165
0 0.401261 0.453983 0.044616 0.047189
0 0.443148 0.474900 0.044051 0.042169
0 0.479669 0.504518 0.043675 0.042503
0 0.407474 0.373494 0.044239 0.027443
0 0.473739 0.378012 0.035203 0.034471
0 0.496141 0.375167 0.038215 0.036814
0 0.520990 0.384203 0.043863 0.032129
0 0.521649 0.526941 0.041039 0.046519
0 0.563912 0.551874 0.042733 0.044177
0 0.596480 0.573628 0.041604 0.047523
0 0.635260 0.587684 0.044616 0.044846
0 0.551675 0.431392 0.042357 0.039491
0 0.587538 0.442269 0.043675 0.033133
0 0.602410 0.430556 0.040286 0.038487
0 0.625188 0.472055 0.049699 0.035810
0 0.659356 0.501339 0.046122 0.038153
0 0.687782 0.524431 0.042357 0.032798
0 0.708584 0.561412 0.042922 0.043173
0 0.623306 0.412818 0.031250 0.023092
0 0.652203 0.430556 0.038592 0.023762
0 0.668204 0.402443 0.042357 0.037818
0 0.678276 0.425870 0.046687 0.039157
0 0.708678 0.407798 0.046498 0.037149
0 0.744070 0.414826 0.048758 0.047189
0 0.759695 0.408635 0.054029 0.035475
0 0.792263 0.388889 0.049134 0.034137
0 0.830478 0.406627 0.047252 0.032129
0 0.863046 0.386546 0.044239 0.034806
0 0.896743 0.397925 0.041980 0.034137
0 0.924605 0.389224 0.043486 0.034137
0 0.684582 0.473226 0.039345 0.040830
0 0.707549 0.479250 0.038215 0.040161
0 0.732492 0.467202 0.038027 0.028782
0 0.768825 0.486948 0.046310 0.042169
0 0.803652 0.523092 0.042922 0.042169
0 0.842620 0.526606 0.041792 0.040495
0 0.872176 0.568440 0.040286 0.043842
0 0.901826 0.558902 0.043110 0.031459
0 0.919616 0.598896 0.039910 0.046519
