0 0.049416 0.546854 0.043486 0.032798
0 0.078784 0.533300 0.043486 0.041834
0 0.222609 0.534471 0.039345 0.042838
0 0.267413 0.552544 0.037839 0.032798
0 0.298287 0.581158 0.038592 0.036479
0 0.329255 0.605422 0.038404 0.040161
0 0.352598 0.629853 0.036898 0.033467
0 0.388554 0.666667 0.037651 0.047523
0 0.222139 0.516566 0.040663 0.043173
0 0.248965 0.517570 0.033697 0.031794
0 0.271084 0.538655 0.035392 0.035141
0 0.307888 0.554384 0.038592 0.033802
0 0.353633 0.586011 0.033697 0.032798
0 0.383471 0.615964 0.037274 0.033802
0 0.414910 0.664826 0.037651 0.042503
0 0.266849 0.510877 0.037839 0.031794
0 0.296875 0.522925 0.033886 0.033133
1 0.320124 0.530957 0.034827 0.037149
0 0.352221 0.536647 0.034262 0.035810
0 0.387048 0.562416 0.036898 0.042503
0 0.424887 0.581493 0.035015 0.037818
0 0.328690 0.484103 0.033133 0.034471
0 0.354198 0.482430 0.033697 0.035810
0 0.339326 0.497155 0.035580 0.029116
0 0.381306 0.486278 0.034450 0.032798
0 0.380365 0.515562 0.033321 0.035810
0 0.399567 0.526941 0.030309 0.041834
0 0.408697 0.496486 0.033133 0.035141
0 0.505271 0.862784 0.035768 0.063588
0 0.552899 0.610776 0.035768 0.048862
0 0.573325 0.661981 0.035956 0.052878
0 0.602974 0.678046 0.036898 0.040830
1 0.627541 0.722892 0.034827 0.057564
0 0.418863 0.479585 0.030873 0.033467
0 0.434300 0.477577 0.033509 0.033467
0 0.444936 0.481258 0.034450 0.035475
0 0.453878 0.483266 0.030497 0.036145
0 0.475339 0.491801 0.027861 0.039826
0 0.501130 0.496319 0.033133 0.036814
0 0.456796 0.462851 0.034074 0.030120
0 0.493223 0.477577 0.028991 0.029451
0 0.522026 0.489793 0.030120 0.037149
0 0.542357 0.493641 0.035392 0.033467
0 0.553370 0.536981 0.034074 0.045850
0 0.583114 0.551874 0.028803 0.042838
0 0.604763 0.571787 0.032944 0.045850
0 0.630459 0.580823 0.033133 0.048527
0 0.656438 0.603581 0.031250 0.044511
0 0.690041 0.614960 0.036709 0.040495
0 0.447948 0.427041 0.034074 0.027443
0 0.479951 0.438086 0.033321 0.020750
0 0.498117 0.452644 0.031627 0.030455
0 0.515719 0.460843 0.033697 0.034806
0 0.529462 0.461847 0.034074 0.026774
0 0.554029 0.471051 0.033886 0.027778
0 0.574266 0.475234 0.029932 0.030790
0 0.592809 0.485609 0.035392 0.030120
0 0.615399 0.498829 0.033886 0.025100
1 0.635448 0.520415 0.040474 0.034806
1 0.688724 0.543005 0.037462 0.037149
1 0.723927 0.567102 0.035956 0.033133
1 0.758942 0.594712 0.036709 0.033467
1 0.787274 0.626506 0.033886 0.032798
1 0.816547 0.654284 0.033321 0.038153
1 0.423946 0.522088 0.028991 0.026774
0 0.451807 0.534471 0.032380 0.046185
0 0.470821 0.544009 0.028238 0.045850
0 0.496611 0.561580 0.031250 0.042169
0 0.521461 0.599063 0.034262 0.051539
0 0.455384 0.595549 0.033509 0.043173
0 0.482022 0.603916 0.034074 0.045850
0 0.512989 0.624498 0.036145 0.042169
0 0.447101 0.709839 0.034262 0.044846
0 0.468279 0.759203 0.036333 0.051874
0 0.489458 0.811078 0.034639 0.049866
0 0.628859 0.431225 0.041604 0.034471
0 0.649473 0.429886 0.032380 0.029116
0 0.667075 0.421519 0.030309 0.024431
0 0.681476 0.423695 0.030497 0.030120
0 0.701713 0.422356 0.032191 0.027443
0 0.721291 0.413989 0.040098 0.027443
0 0.743599 0.401104 0.037274 0.031124
0 0.760542 0.422189 0.040286 0.025770
0 0.640907 0.387383 0.034450 0.037149
0 0.662933 0.396084 0.033697 0.035141
0 0.684582 0.395080 0.030685 0.025770
0 0.669710 0.380355 0.032944 0.033802
0 0.692583 0.368976 0.028238 0.028447
0 0.708678 0.372657 0.031062 0.040495
0 0.726092 0.375167 0.028238 0.038822
0 0.755459 0.364123 0.033133 0.035475
0 0.773908 0.365964 0.032003 0.031794
0 0.774849 0.401104 0.040663 0.036479
1 0.788404 0.349063 0.025226 0.029451
0 0.810241 0.338019 0.029744 0.028782
0 0.821066 0.339357 0.032191 0.035475
0 0.808923 0.413320 0.033886 0.031459
0 0.806758 0.397088 0.036709 0.024431
0 0.820030 0.379351 0.037274 0.025100
0 0.839138 0.363454 0.029556 0.024766
0 0.857304 0.345549 0.031627 0.035810
0 0.858057 0.375502 0.034262 0.021419
0 0.886013 0.351406 0.030685 0.040161
0 0.904744 0.368976 0.037274 0.033802
0 0.927617 0.369980 0.034074 0.037818
0 0.944936 0.364960 0.036709 0.036479
0 0.963197 0.354585 0.031815 0.031794
0 0.835279 0.420515 0.031627 0.027778
0 0.863611 0.409639 0.030309 0.030120
0 0.889966 0.403280 0.035203 0.026104
0 0.670087 0.455656 0.027297 0.025770
0 0.657568 0.468039 0.032003 0.038487
0 0.698042 0.467537 0.036521 0.022758
0 0.706608 0.493307 0.035956 0.034137
0 0.742941 0.491299 0.032944 0.037483
0 0.726939 0.499331 0.037462 0.040161
0 0.762236 0.524598 0.034639 0.038487
0 0.795087 0.545683 0.035580 0.043173
0 0.829631 0.569946 0.036145 0.039491
0 0.852221 0.600234 0.034262 0.043173
0 0.882248 0.601406 0.035956 0.044177
0 0.907756 0.623996 0.037651 0.043173
