0 0.558902 0.051205 0.042838 0.039910
0 0.574632 0.075772 0.038153 0.037086
0 0.598896 0.104857 0.041834 0.037274
0 0.622323 0.232210 0.035141 0.039345
0 0.635040 0.272402 0.037818 0.037651
0 0.655120 0.304688 0.038487 0.037462
0 0.577477 0.250753 0.033802 0.039157
0 0.565428 0.263837 0.030455 0.035203
0 0.577309 0.290757 0.037483 0.037462
0 0.565428 0.310241 0.031124 0.043298
0 0.551707 0.334620 0.029786 0.042357
0 0.549197 0.354763 0.033467 0.034827
0 0.606426 0.331608 0.032129 0.041227
0 0.659137 0.337914 0.040495 0.036898
0 0.640395 0.339138 0.029116 0.039345
0 0.544177 0.383566 0.026104 0.031438
0 0.589023 0.376506 0.035475 0.039157
0 0.670515 0.380271 0.031124 0.034639
0 0.687082 0.413027 0.040830 0.032380
0 0.651606 0.394955 0.026104 0.031627
0 0.658133 0.424134 0.030455 0.035392
0 0.644578 0.370858 0.026774 0.035015
0 0.586345 0.412368 0.030120 0.037462
0 0.517905 0.418016 0.039826 0.037086
0 0.560910 0.445783 0.040830 0.039533
0 0.503347 0.455196 0.036145 0.039157
0 0.564424 0.474868 0.029116 0.037086
0 0.487784 0.490493 0.037149 0.037462
0 0.549029 0.500941 0.037818 0.038404
0 0.653280 0.446724 0.030790 0.033133
0 0.598896 0.474962 0.029116 0.034262
0 0.607430 0.491340 0.024096 0.036521
0 0.649096 0.461408 0.036479 0.036145
0 0.643240 0.479763 0.036145 0.034827
0 0.649264 0.503859 0.031459 0.037462
0 0.664324 0.525791 0.032798 0.033886
0 0.667336 0.548852 0.028782 0.039721
0 0.617972 0.524285 0.026439 0.035392
0 0.558902 0.531721 0.036814 0.030685
0 0.482262 0.524379 0.041499 0.033697
0 0.465361 0.554123 0.044511 0.034450
0 0.556392 0.550828 0.041834 0.033133
0 0.447289 0.589326 0.037818 0.037839
0 0.555890 0.573889 0.043507 0.033321
0 0.537149 0.601751 0.052878 0.030309
0 0.606426 0.565700 0.042838 0.030497
0 0.608768 0.589044 0.036814 0.032756
0 0.579485 0.609563 0.040495 0.035015
0 0.603748 0.619258 0.033467 0.032944
0 0.666165 0.574925 0.029116 0.037651
0 0.664157 0.610693 0.034471 0.033886
0 0.661814 0.641284 0.029116 0.032568
0 0.654786 0.669239 0.030455 0.039910
0 0.643909 0.703313 0.027443 0.040663
0 0.575971 0.629895 0.031459 0.034262
0 0.588688 0.653332 0.028112 0.038592
0 0.612450 0.673569 0.032129 0.042545
0 0.527108 0.636013 0.042169 0.040474
0 0.507530 0.666886 0.033133 0.038968
0 0.551874 0.677711 0.037483 0.035768
0 0.591867 0.691265 0.036479 0.033886
0 0.606258 0.706608 0.035141 0.037462
0 0.516734 0.712820 0.040830 0.035956
0 0.450636 0.695124 0.045181 0.037839
0 0.421854 0.730610 0.048527 0.040663
0 0.511212 0.747929 0.043842 0.038780
0 0.598226 0.731834 0.034471 0.037086
0 0.595884 0.746517 0.033133 0.035580
0 0.550368 0.748023 0.037149 0.040851
0 0.538153 0.766472 0.037483 0.037462
0 0.570616 0.796404 0.030120 0.040098
0 0.532129 0.797063 0.033467 0.033886
0 0.483099 0.777767 0.048527 0.037086
0 0.396586 0.765531 0.046854 0.037462
0 0.369645 0.797440 0.053213 0.033133
0 0.351238 0.830290 0.043173 0.037462
0 0.462684 0.810806 0.045181 0.037274
0 0.506191 0.828502 0.037818 0.038780
0 0.547021 0.830949 0.031794 0.041416
0 0.432396 0.853445 0.039491 0.043863
0 0.470716 0.863140 0.039826 0.038780
0 0.523762 0.864552 0.042838 0.037086
0 0.522088 0.890060 0.035475 0.041416
0 0.495315 0.913215 0.040830 0.041039
0 0.503347 0.939571 0.032798 0.042169
0 0.459839 0.900226 0.040161 0.037274
0 0.416834 0.925640 0.049866 0.040286
0 0.411814 0.955761 0.041834 0.039157
0 0.388889 0.981834 0.040161 0.035956
