0 0.158227 0.468876 0.042357 0.035475
0 0.197289 0.461011 0.035392 0.036479
0 0.231551 0.453648 0.043298 0.035810
0 0.244541 0.485609 0.040286 0.038822
0 0.281156 0.493307 0.045745 0.035475
0 0.269108 0.439257 0.041604 0.031124
0 0.298005 0.445950 0.041792 0.041834
0 0.315794 0.462851 0.042357 0.036145
1 0.327654 0.502845 0.042357 0.031794
0 0.355422 0.513220 0.047063 0.047858
0 0.344409 0.475067 0.051770 0.040495
0 0.373494 0.457162 0.046687 0.032129
0 0.384036 0.507697 0.041792 0.048193
0 0.401732 0.498829 0.052711 0.030455
0 0.396367 0.481258 0.049511 0.032798
0 0.424511 0.536647 0.043298 0.045181
0 0.463855 0.531961 0.044051 0.047858
0 0.424699 0.452309 0.041039 0.031124
0 0.450866 0.479920 0.043675 0.033467
0 0.469221 0.465027 0.045369 0.029786
0 0.472609 0.435074 0.044616 0.030790
0 0.499341 0.432062 0.036333 0.033467
0 0.506118 0.435743 0.041604 0.044177
0 0.504424 0.562416 0.044992 0.041834
0 0.540663 0.560241 0.044428 0.046185
0 0.572477 0.578481 0.043298 0.043173
1 0.547816 0.417671 0.040286 0.033467
0 0.579443 0.415997 0.037651 0.033467
0 0.611069 0.412149 0.041416 0.031794
0 0.576901 0.489458 0.052146 0.031124
0 0.603445 0.473394 0.041980 0.046519
0 0.629612 0.469545 0.039345 0.044846
0 0.651355 0.482262 0.047063 0.034806
0 0.649944 0.505522 0.044992 0.032463
0 0.680064 0.526774 0.049511 0.046185
0 0.707643 0.533969 0.049322 0.050535
0 0.725245 0.511546 0.048381 0.037149
0 0.681194 0.465027 0.041604 0.043173
0 0.728916 0.458333 0.043675 0.034471
0 0.760825 0.441600 0.039721 0.037149
0 0.803087 0.430890 0.044051 0.032463
0 0.824642 0.412651 0.048005 0.037483
0 0.770237 0.522423 0.051770 0.045515
0 0.809676 0.521921 0.040286 0.042503
0 0.851468 0.524096 0.045934 0.046854
0 0.885072 0.522590 0.044616 0.035141
