0 0.298695 0.129518 0.031124 0.032003
0 0.293675 0.152391 0.026439 0.031062
0 0.312584 0.174416 0.028782 0.034827
0 0.333835 0.178558 0.031124 0.034074
0 0.344210 0.207925 0.036479 0.031062
0 0.354083 0.240023 0.040161 0.034262
0 0.365629 0.266378 0.032463 0.035015
0 0.373494 0.302240 0.038153 0.031815
0 0.386714 0.338950 0.026439 0.034074
0 0.381861 0.374906 0.030120 0.034827
0 0.415328 0.273908 0.034806 0.033509
0 0.440596 0.281250 0.039826 0.028614
0 0.441934 0.302805 0.034471 0.031062
0 0.422021 0.316359 0.027443 0.028803
0 0.452142 0.325207 0.034137 0.028426
0 0.413487 0.339232 0.027108 0.032003
0 0.443440 0.341397 0.032798 0.032568
0 0.423193 0.364270 0.029786 0.033886
0 0.418507 0.385825 0.023762 0.030309
0 0.440763 0.393355 0.032129 0.034827
0 0.482764 0.387801 0.025770 0.029744
0 0.472557 0.403520 0.028782 0.029556
0 0.417336 0.423381 0.022758 0.030497
0 0.438755 0.425922 0.029451 0.031815
0 0.485274 0.433547 0.021419 0.032003
0 0.512718 0.438441 0.030790 0.025226
0 0.421519 0.461032 0.026439 0.031250
0 0.456158 0.458302 0.026104 0.032944
0 0.480589 0.456984 0.024096 0.032191
0 0.470382 0.476751 0.023762 0.029179
1 0.540495 0.476939 0.023427 0.031815
0 0.426372 0.489270 0.029451 0.031250
0 0.456827 0.491058 0.033467 0.034827
0 0.492135 0.500565 0.029786 0.032380
0 0.423862 0.519955 0.029786 0.030120
0 0.462349 0.523249 0.027108 0.031815
0 0.497825 0.530120 0.027778 0.030120
0 0.552041 0.499247 0.022423 0.031627
0 0.430890 0.549134 0.030455 0.032380
0 0.456827 0.555535 0.033467 0.034262
0 0.575971 0.520237 0.025435 0.031815
0 0.599230 0.542922 0.031794 0.025602
0 0.507028 0.559676 0.036145 0.031250
0 0.522088 0.588102 0.031459 0.028614
0 0.530455 0.610787 0.032129 0.028050
0 0.534806 0.635354 0.033467 0.027861
0 0.612282 0.566924 0.032463 0.028426
0 0.586178 0.565794 0.031124 0.030309
0 0.604250 0.584808 0.036479 0.026920
0 0.635542 0.586408 0.032798 0.030120
0 0.611780 0.604104 0.034806 0.026355
0 0.648762 0.618694 0.029116 0.029556
0 0.586345 0.606081 0.024766 0.025038
0 0.584839 0.625000 0.025770 0.025226
0 0.610776 0.624435 0.037483 0.028238
0 0.641064 0.637613 0.030455 0.028238
0 0.665161 0.649191 0.037818 0.028050
0 0.700971 0.674416 0.028447 0.029179
0 0.600569 0.641849 0.028447 0.029179
0 0.658802 0.662180 0.031794 0.029556
0 0.671185 0.676675 0.029786 0.025414
0 0.591700 0.664345 0.023427 0.030497
0 0.583668 0.688347 0.027443 0.028050
0 0.669009 0.700866 0.038153 0.030120
0 0.692102 0.717150 0.034806 0.030309
0 0.696620 0.744447 0.035810 0.027297
0 0.709170 0.765437 0.033467 0.030873
0 0.724063 0.789533 0.037818 0.031627
0 0.587349 0.718185 0.029451 0.029744
0 0.582329 0.741152 0.025435 0.030497
0 0.538655 0.729386 0.028447 0.031438
0 0.542671 0.747647 0.031794 0.031815
0 0.527778 0.768825 0.031459 0.032003
0 0.582162 0.766284 0.024431 0.028803
0 0.573963 0.781815 0.018742 0.029367
0 0.525435 0.799605 0.026104 0.032568
0 0.564926 0.797346 0.024096 0.029179
0 0.557229 0.815512 0.020750 0.032003
0 0.514726 0.830384 0.028112 0.033886
0 0.547523 0.843844 0.025435 0.034074
0 0.501841 0.862952 0.026439 0.030497
0 0.540997 0.867752 0.022423 0.032568
0 0.492805 0.883754 0.029116 0.031815
0 0.528949 0.897779 0.025100 0.031250
0 0.481258 0.916322 0.026104 0.031438
0 0.515562 0.921687 0.023762 0.030873
0 0.479083 0.938724 0.027108 0.029179
0 0.499665 0.948136 0.024766 0.033697
0 0.479250 0.962349 0.025435 0.027861
