0 0.100809 0.488286 0.046122 0.038153
0 0.140154 0.485944 0.053276 0.034806
0 0.147684 0.534304 0.054405 0.038487
0 0.177146 0.529116 0.045934 0.034137
0 0.178181 0.457999 0.049511 0.031794
0 0.218468 0.462015 0.052146 0.052544
0 0.251600 0.441934 0.042357 0.039157
0 0.292263 0.425201 0.040474 0.043842
0 0.277956 0.465863 0.050640 0.048193
0 0.203878 0.519076 0.054593 0.044846
0 0.240493 0.536647 0.051770 0.040495
0 0.278803 0.512550 0.049699 0.047189
0 0.311465 0.528280 0.051017 0.040495
0 0.341867 0.515228 0.051958 0.046519
0 0.366434 0.505187 0.052146 0.042503
0 0.395520 0.542336 0.053840 0.047189
0 0.442865 0.517068 0.051017 0.050201
0 0.470256 0.542838 0.052711 0.050870
0 0.376694 0.459003 0.049699 0.043173
0 0.403991 0.442938 0.040663 0.035810
0 0.423099 0.451807 0.048381 0.040830
0 0.464608 0.456325 0.050075 0.053213
0 0.496423 0.431727 0.047440 0.040161
0 0.543204 0.437249 0.051393 0.053213
0 0.583208 0.411479 0.048193 0.041165
0 0.626600 0.419679 0.045369 0.050201
0 0.548005 0.510040 0.053464 0.043507
0 0.597421 0.520582 0.054782 0.041834
0 0.646273 0.503514 0.056476 0.048527
0 0.666133 0.471218 0.052523 0.038822
0 0.705572 0.493641 0.051581 0.039491
0 0.692677 0.554886 0.054405 0.047523
0 0.746423 0.555388 0.054593 0.048527
0 0.796028 0.564090 0.050264 0.041834
0 0.850998 0.574297 0.058547 0.045515
0 0.748117 0.486446 0.053087 0.053882
0 0.796687 0.472055 0.046687 0.046519
0 0.847797 0.478748 0.054782 0.046519
0 0.884601 0.489458 0.051581 0.052544
0 0.924228 0.491633 0.048381 0.040161
