0 0.732022 0.425870 0.054782 0.041165
0 0.771555 0.409137 0.051393 0.037149
0 0.817112 0.369478 0.048381 0.047523
0 0.972703 0.580489 0.048946 0.053213
0 0.939383 0.566432 0.047063 0.058568
0 0.893355 0.559572 0.051393 0.049531
0 0.852692 0.529284 0.050264 0.039157
0 0.801017 0.510710 0.058358 0.038822
0 0.759224 0.499498 0.057982 0.043842
0 0.696254 0.499163 0.049887 0.043173
0 0.691547 0.396084 0.057041 0.049866
0 0.660486 0.422691 0.050640 0.054886
0 0.673005 0.453983 0.054970 0.044511
0 0.652956 0.495984 0.054405 0.050870
0 0.610881 0.415161 0.051205 0.041834
0 0.618317 0.469378 0.046122 0.035141
0 0.578878 0.508199 0.049322 0.037818
0 0.565606 0.443106 0.047628 0.049531
0 0.506871 0.445783 0.059300 0.044846
0 0.544992 0.496821 0.044051 0.045181
0 0.524661 0.512383 0.056476 0.042838
0 0.467056 0.466700 0.051581 0.047189
0 0.473833 0.595884 0.053464 0.045850
0 0.444277 0.569946 0.055346 0.052209
0 0.423663 0.456660 0.051770 0.041834
0 0.419051 0.422189 0.046310 0.043842
0 0.390625 0.586178 0.062123 0.051205
0 0.354386 0.552376 0.057041 0.063253
0 0.383283 0.427376 0.047816 0.045515
0 0.365587 0.468876 0.058358 0.032129
0 0.337349 0.457329 0.045557 0.040495
0 0.299228 0.448628 0.051017 0.053213
0 0.295463 0.522256 0.051770 0.045181
0 0.313159 0.566432 0.057041 0.046519
0 0.257624 0.480422 0.049511 0.040495
0 0.274473 0.562918 0.052334 0.045515
0 0.225904 0.470214 0.047063 0.027443
0 0.206514 0.493809 0.057605 0.048527
0 0.181288 0.479920 0.044804 0.031459
0 0.140248 0.492805 0.061747 0.039157
0 0.232963 0.559237 0.055158 0.046185
0 0.210467 0.564090 0.051205 0.041834
0 0.169710 0.552209 0.045369 0.046854
0 0.134883 0.549531 0.044239 0.040830
0 0.076431 0.511546 0.050828 0.041165
0 0.113517 0.497657 0.042545 0.027443
0 0.063818 0.505857 0.052711 0.037149
