0 0.490629 0.943053 0.039491 0.034074
0 0.498159 0.922346 0.038487 0.038592
0 0.510877 0.886578 0.036479 0.038215
0 0.546519 0.867564 0.040830 0.040098
1 0.550201 0.830761 0.038822 0.044428
0 0.572122 0.793581 0.037149 0.042733
0 0.573293 0.724021 0.036145 0.039910
0 0.563253 0.739270 0.040161 0.029744
0 0.561245 0.755459 0.038153 0.030497
0 0.624665 0.692300 0.041165 0.024285
0 0.629351 0.712444 0.031794 0.028803
0 0.620817 0.737858 0.033467 0.036333
0 0.616466 0.767413 0.036145 0.032568
0 0.616131 0.794992 0.034806 0.029744
0 0.620984 0.822854 0.027108 0.036898
0 0.606426 0.854104 0.032129 0.036521
0 0.599398 0.893449 0.032129 0.039157
0 0.589357 0.922346 0.027443 0.039721
0 0.567102 0.947477 0.037818 0.038027
0 0.560241 0.973456 0.028782 0.035392
0 0.773929 0.765437 0.036479 0.025979
0 0.739960 0.747176 0.025435 0.033886
0 0.720047 0.728539 0.029116 0.032756
0 0.742637 0.722421 0.034806 0.029556
0 0.698628 0.701337 0.027108 0.032568
1 0.729920 0.699172 0.031459 0.024849
0 0.685074 0.676205 0.028782 0.031627
0 0.713688 0.679029 0.041165 0.028238
0 0.702811 0.657474 0.041499 0.024285
0 0.693273 0.641849 0.033802 0.032191
0 0.664324 0.648061 0.030790 0.032191
0 0.640395 0.630553 0.037149 0.036709
0 0.650268 0.610316 0.039491 0.034639
0 0.675033 0.611822 0.029451 0.025602
0 0.665830 0.589138 0.032463 0.029179
0 0.648260 0.580102 0.030790 0.033321
0 0.628179 0.592526 0.028112 0.035956
0 0.599063 0.591209 0.030790 0.034074
0 0.650602 0.559959 0.044177 0.027673
0 0.586513 0.573325 0.025770 0.030309
0 0.601573 0.557511 0.034471 0.031438
0 0.632363 0.550452 0.033802 0.026732
0 0.633534 0.530309 0.036814 0.025226
0 0.632195 0.514119 0.044846 0.024849
0 0.540997 0.655026 0.035810 0.038215
0 0.528447 0.626130 0.037483 0.038027
0 0.548527 0.598080 0.037483 0.037651
0 0.535643 0.567865 0.032463 0.039345
0 0.550703 0.536427 0.035141 0.039721
0 0.541667 0.506401 0.031794 0.040663
0 0.563588 0.482681 0.032798 0.035392
0 0.576640 0.465173 0.030120 0.028991
0 0.552209 0.451054 0.029451 0.036898
0 0.582497 0.442583 0.026439 0.030120
0 0.565596 0.419616 0.026774 0.034262
0 0.551707 0.408227 0.028447 0.031815
0 0.530790 0.399473 0.028782 0.038027
0 0.546519 0.384130 0.029451 0.032568
0 0.548193 0.367376 0.032798 0.030309
0 0.551707 0.324266 0.035141 0.036333
0 0.521084 0.330008 0.034806 0.025979
0 0.525100 0.350998 0.042169 0.030309
0 0.448126 0.540286 0.036814 0.036521
0 0.439926 0.513931 0.043842 0.038027
0 0.476406 0.506965 0.033133 0.038027
0 0.474732 0.475621 0.042503 0.037839
0 0.505020 0.451995 0.036145 0.038404
0 0.497657 0.419710 0.035475 0.037086
0 0.535810 0.035392 0.028112 0.039910
0 0.514558 0.048663 0.024431 0.040851
0 0.492637 0.058358 0.038153 0.029744
0 0.502008 0.082455 0.020080 0.033509
0 0.492303 0.116811 0.032798 0.040098
0 0.484772 0.162180 0.029786 0.040474
0 0.521419 0.145990 0.032798 0.037462
0 0.538487 0.160203 0.039491 0.030120
0 0.474063 0.200019 0.030455 0.038592
0 0.503849 0.196348 0.028447 0.031627
0 0.536479 0.184959 0.039491 0.030685
0 0.451138 0.229857 0.039491 0.039157
0 0.450134 0.261766 0.030790 0.038592
0 0.490964 0.227316 0.028782 0.037462
0 0.537818 0.233622 0.029451 0.032756
0 0.525100 0.256306 0.027443 0.032568
0 0.485944 0.259413 0.033467 0.036521
0 0.432396 0.290004 0.031459 0.044239
0 0.480924 0.292169 0.031459 0.038780
0 0.519076 0.281909 0.028112 0.032191
0 0.507697 0.309864 0.029451 0.036145
0 0.478748 0.319559 0.032463 0.036709
0 0.475234 0.345633 0.028112 0.031250
0 0.492972 0.339797 0.019411 0.031627
0 0.482262 0.366340 0.034806 0.029744
0 0.482262 0.387048 0.028112 0.031250
0 0.455991 0.407474 0.029786 0.040851
0 0.391232 0.476845 0.032798 0.042169
0 0.419177 0.457737 0.031124 0.040098
0 0.434572 0.428464 0.031794 0.037274
