0 0.056194 0.559572 0.051017 0.042838
0 0.083867 0.561412 0.044239 0.043173
0 0.120953 0.563588 0.041604 0.045515
0 0.146084 0.549364 0.046310 0.033133
0 0.178276 0.580154 0.048569 0.045850
0 0.214891 0.587015 0.043486 0.051539
0 0.263554 0.615964 0.045934 0.050535
0 0.298569 0.649933 0.040286 0.051539
0 0.090173 0.496988 0.045557 0.035475
0 0.134130 0.495315 0.045369 0.040161
0 0.120576 0.504853 0.040851 0.035141
0 0.169145 0.527276 0.051770 0.039826
0 0.209149 0.542671 0.031627 0.039157
0 0.237858 0.554217 0.037839 0.042838
0 0.249718 0.545683 0.037086 0.038487
0 0.278520 0.565930 0.043863 0.041499
0 0.313065 0.610274 0.039533 0.053213
0 0.292922 0.601406 0.038404 0.045515
0 0.171687 0.435408 0.044051 0.049531
0 0.205572 0.413320 0.037651 0.040161
0 0.231551 0.419511 0.036145 0.036479
0 0.259789 0.416499 0.038404 0.035810
0 0.276073 0.411981 0.035580 0.038153
0 0.303558 0.403949 0.039721 0.042169
0 0.327372 0.401272 0.038780 0.046854
0 0.251224 0.469712 0.048758 0.044511
0 0.289533 0.466700 0.042545 0.041834
0 0.334526 0.479250 0.040286 0.039491
0 0.368505 0.499163 0.037839 0.047189
0 0.403709 0.511212 0.043110 0.035810
0 0.339891 0.626339 0.037086 0.048527
0 0.365964 0.647423 0.040286 0.048527
0 0.334431 0.667336 0.044992 0.044846
0 0.393637 0.704652 0.034639 0.062584
0 0.392602 0.475736 0.035580 0.045850
0 0.422628 0.488119 0.037651 0.040495
0 0.443053 0.478581 0.037839 0.038153
0 0.460279 0.473728 0.037651 0.033802
0 0.466209 0.524264 0.026167 0.054552
0 0.492564 0.546352 0.029932 0.053213
0 0.358716 0.396084 0.035580 0.027778
0 0.384977 0.399766 0.038404 0.030455
0 0.375659 0.371988 0.034074 0.037149
0 0.398532 0.370649 0.029367 0.041165
0 0.423569 0.360107 0.036521 0.034137
0 0.445971 0.362952 0.032003 0.043842
0 0.468750 0.369645 0.038404 0.037818
0 0.490211 0.364123 0.038780 0.040161
0 0.513084 0.349063 0.036333 0.040830
0 0.550546 0.341867 0.034827 0.034471
0 0.581984 0.342369 0.031438 0.036145
0 0.422063 0.424699 0.033133 0.037483
0 0.442865 0.414157 0.038592 0.039157
0 0.462349 0.408133 0.039910 0.039826
0 0.478822 0.418675 0.035580 0.040830
1 0.512707 0.400100 0.038592 0.028447
0 0.501788 0.436078 0.032944 0.036814
0 0.528144 0.442771 0.038215 0.036145
0 0.541886 0.402778 0.037462 0.039826
0 0.562218 0.408133 0.035203 0.036479
1 0.580290 0.440596 0.037839 0.037818
0 0.613611 0.425870 0.038215 0.039826
0 0.653803 0.427711 0.039910 0.042169
0 0.602880 0.492135 0.043110 0.040495
0 0.630930 0.476573 0.037086 0.041499
0 0.652391 0.483936 0.038592 0.038822
1 0.611352 0.515730 0.038592 0.048193
0 0.637801 0.533133 0.037651 0.046854
0 0.511578 0.560408 0.033697 0.050535
0 0.529367 0.559237 0.034639 0.059572
0 0.551958 0.574799 0.030497 0.055221
0 0.571913 0.606593 0.034639 0.049866
0 0.595350 0.635375 0.036333 0.053213
0 0.642131 0.699632 0.041416 0.061245
0 0.677428 0.746988 0.039721 0.061580
0 0.709055 0.789324 0.037839 0.065261
0 0.738328 0.823461 0.036898 0.063922
0 0.774379 0.858601 0.040851 0.063922
0 0.422816 0.736111 0.032756 0.067269
0 0.455666 0.779116 0.038968 0.071620
0 0.491246 0.840027 0.036709 0.068942
0 0.667828 0.539324 0.041980 0.036479
0 0.696348 0.558568 0.039910 0.041499
0 0.717620 0.577979 0.037274 0.033467
0 0.736446 0.625167 0.047440 0.053548
0 0.771743 0.649096 0.043863 0.041834
0 0.801205 0.691432 0.043298 0.050201
0 0.834431 0.727744 0.042357 0.045181
0 0.851280 0.779786 0.041416 0.063588
0 0.883189 0.796185 0.042357 0.065596
0 0.686088 0.412316 0.038592 0.036145
0 0.714420 0.421519 0.037651 0.038487
0 0.750282 0.418005 0.038215 0.034137
0 0.680441 0.475569 0.036709 0.030790
0 0.707455 0.502677 0.036145 0.040161
0 0.733245 0.499833 0.035392 0.037149
0 0.766943 0.508534 0.036898 0.041165
0 0.790757 0.529284 0.037462 0.047189
0 0.824454 0.525268 0.041980 0.050535
0 0.854104 0.560074 0.037651 0.041834
0 0.890248 0.552544 0.039533 0.044177
0 0.920369 0.574297 0.042922 0.036814
0 0.948889 0.564592 0.045369 0.039491
0 0.612105 0.339023 0.040098 0.033467
0 0.642037 0.343039 0.036709 0.028112
0 0.671310 0.358099 0.039157 0.038822
