0 0.042263 0.574465 0.038592 0.039157
0 0.080572 0.579317 0.038027 0.037483
0 0.119447 0.585676 0.032568 0.038822
0 0.142978 0.603916 0.032568 0.037818
0 0.160015 0.596386 0.038404 0.042838
0 0.098456 0.565094 0.037274 0.024431
0 0.070689 0.558735 0.034827 0.025100
0 0.144390 0.491968 0.032003 0.039491
0 0.179970 0.584672 0.037274 0.052209
0 0.192583 0.556894 0.036898 0.032129
0 0.172722 0.467871 0.032944 0.050201
0 0.205855 0.450803 0.038592 0.056225
0 0.217997 0.476406 0.038027 0.041834
0 0.245388 0.481928 0.040474 0.029451
0 0.270708 0.462015 0.036898 0.027108
0 0.246706 0.442938 0.045369 0.025100
0 0.215079 0.577309 0.033697 0.034137
0 0.247459 0.594712 0.037839 0.038822
0 0.247176 0.557564 0.040663 0.022758
0 0.267319 0.536479 0.036145 0.032798
0 0.269861 0.398092 0.041604 0.037818
0 0.282191 0.386212 0.030497 0.037483
0 0.301205 0.399431 0.039533 0.046519
0 0.321536 0.425033 0.031627 0.056894
0 0.284544 0.547189 0.038215 0.033467
0 0.282097 0.580991 0.040851 0.030790
0 0.308735 0.603079 0.038027 0.044177
0 0.337726 0.603414 0.043298 0.043507
0 0.357210 0.608099 0.040098 0.038822
0 0.328125 0.536145 0.042922 0.032129
0 0.319748 0.565428 0.038968 0.031124
0 0.357210 0.553213 0.040474 0.032129
0 0.331137 0.368809 0.040286 0.040161
0 0.357304 0.324130 0.032380 0.051205
0 0.381118 0.313086 0.024661 0.056560
0 0.405779 0.295013 0.031438 0.055890
0 0.433170 0.281459 0.028238 0.045515
0 0.451713 0.263554 0.029179 0.041834
0 0.343373 0.418005 0.025226 0.046854
0 0.361728 0.409471 0.032568 0.042503
0 0.381589 0.408467 0.031627 0.045181
0 0.404744 0.414491 0.029744 0.035810
0 0.418298 0.389391 0.035768 0.035141
0 0.379706 0.579987 0.038027 0.036814
0 0.418110 0.594880 0.037274 0.033133
0 0.451337 0.601740 0.036709 0.032129
0 0.477880 0.614290 0.035956 0.030455
0 0.504142 0.617303 0.039157 0.034471
0 0.532380 0.620482 0.032756 0.036814
0 0.509130 0.545181 0.038592 0.051539
0 0.529462 0.543005 0.029556 0.046519
0 0.537462 0.580154 0.035015 0.039826
0 0.562688 0.576975 0.033133 0.046185
0 0.583114 0.575301 0.040098 0.044846
0 0.617188 0.578146 0.040474 0.040495
0 0.643543 0.596720 0.040851 0.035475
0 0.676487 0.590194 0.038592 0.040495
0 0.699266 0.617805 0.040098 0.046854
0 0.723362 0.616466 0.039345 0.044177
0 0.739646 0.628347 0.038404 0.039826
0 0.440983 0.352410 0.037086 0.046854
0 0.476374 0.334003 0.032944 0.049531
0 0.500188 0.301707 0.035015 0.040495
0 0.537933 0.287651 0.034827 0.041834
0 0.563630 0.273929 0.033509 0.047189
0 0.585467 0.251673 0.031627 0.039491
0 0.437312 0.426539 0.036145 0.045181
0 0.398249 0.470214 0.037462 0.026104
0 0.422157 0.440261 0.038592 0.037818
0 0.464138 0.458333 0.035956 0.026439
0 0.484093 0.431727 0.040098 0.026774
0 0.496235 0.409137 0.036521 0.021084
0 0.513084 0.381191 0.032191 0.029451
0 0.547063 0.386881 0.038027 0.031459
0 0.569842 0.355924 0.033133 0.044511
0 0.598927 0.354250 0.037086 0.035141
0 0.610693 0.322959 0.034639 0.034137
0 0.636860 0.323461 0.030120 0.045850
0 0.557511 0.436078 0.034074 0.029451
0 0.581231 0.433066 0.033321 0.034137
0 0.604198 0.434739 0.036709 0.035475
0 0.617093 0.406459 0.033509 0.048527
0 0.637425 0.403782 0.033509 0.051205
0 0.658415 0.396586 0.032944 0.038153
0 0.681099 0.398762 0.031627 0.038487
0 0.699454 0.389224 0.034074 0.035475
0 0.730139 0.382530 0.032568 0.030790
0 0.747741 0.373829 0.036521 0.040830
0 0.783321 0.365629 0.043298 0.043842
0 0.683076 0.504016 0.037086 0.030790
0 0.702184 0.513889 0.042169 0.031124
0 0.722044 0.510710 0.043110 0.034806
0 0.743129 0.485107 0.034450 0.023762
0 0.763084 0.461680 0.035956 0.030455
0 0.767319 0.534137 0.043675 0.042838
0 0.780026 0.565094 0.033321 0.048527
0 0.796781 0.568942 0.038968 0.040830
0 0.791133 0.487784 0.035580 0.023092
0 0.832172 0.478581 0.037839 0.021419
0 0.854763 0.469043 0.032191 0.025100
0 0.906627 0.452811 0.033886 0.022088
0 0.888366 0.463688 0.043675 0.024431
0 0.831514 0.510040 0.035392 0.034806
0 0.809394 0.534806 0.033697 0.032129
0 0.832078 0.567938 0.038027 0.036145
0 0.858528 0.602410 0.035580 0.040161
0 0.888837 0.618809 0.037462 0.032129
0 0.906815 0.640730 0.039157 0.028447
0 0.921969 0.668340 0.039345 0.030790
0 0.919051 0.676205 0.031627 0.037149
0 0.953784 0.695448 0.034827 0.035475
0 0.940889 0.711680 0.035768 0.048527
0 0.956325 0.590529 0.035768 0.035810
0 0.954255 0.565763 0.042922 0.021754
0 0.911239 0.576975 0.038215 0.039491
0 0.852127 0.544344 0.040098 0.023762
0 0.860787 0.529618 0.031815 0.015730
0 0.887236 0.537985 0.037274 0.029786
