0 0.533635 0.024191 0.039826 0.037086
0 0.543507 0.051958 0.037483 0.044428
0 0.566934 0.078219 0.046185 0.043486
0 0.591867 0.168675 0.037149 0.041416
0 0.528280 0.176864 0.035141 0.040474
0 0.539324 0.199831 0.038487 0.035203
0 0.600402 0.217715 0.035475 0.043863
0 0.521586 0.223550 0.033133 0.040851
0 0.552041 0.223362 0.033802 0.041227
0 0.577811 0.244164 0.033802 0.042545
0 0.589692 0.254330 0.032798 0.036898
0 0.616801 0.258001 0.035475 0.040851
0 0.589023 0.280873 0.037483 0.039533
0 0.511714 0.261201 0.028782 0.038968
0 0.496988 0.292639 0.037483 0.032191
0 0.473896 0.325207 0.051539 0.038592
0 0.622323 0.291698 0.029786 0.032191
0 0.624833 0.314288 0.030120 0.037839
0 0.623996 0.345256 0.032463 0.036898
0 0.541165 0.328690 0.031459 0.038027
1 0.580656 0.314100 0.039491 0.037839
0 0.573628 0.330384 0.026774 0.036521
0 0.581660 0.358340 0.028112 0.037462
0 0.511546 0.345821 0.052544 0.025602
0 0.438588 0.370858 0.053213 0.039533
0 0.605924 0.381777 0.031124 0.038404
0 0.517738 0.366529 0.032798 0.034262
0 0.495984 0.369447 0.032798 0.035203
0 0.516734 0.392884 0.024096 0.039157
0 0.439090 0.403803 0.037483 0.040286
0 0.399096 0.422534 0.049866 0.038592
0 0.489625 0.423193 0.032129 0.038780
0 0.458333 0.437123 0.031794 0.039533
0 0.438420 0.448513 0.027443 0.037086
0 0.382363 0.460090 0.043842 0.039533
0 0.407965 0.476845 0.057564 0.030497
0 0.389726 0.498023 0.045850 0.034074
0 0.371653 0.519296 0.045181 0.038968
0 0.323963 0.534921 0.063588 0.036709
0 0.302041 0.571348 0.049866 0.038780
0 0.268574 0.597421 0.057898 0.036333
0 0.246151 0.627541 0.044511 0.039345
0 0.201138 0.653238 0.058902 0.039533
0 0.591700 0.419239 0.033467 0.040663
0 0.607932 0.453972 0.035141 0.038215
0 0.603414 0.490587 0.020750 0.037651
0 0.611613 0.511013 0.033133 0.035203
0 0.605254 0.540757 0.034471 0.037086
1 0.503681 0.445689 0.034137 0.032191
1 0.514056 0.463102 0.018072 0.032003
0 0.490797 0.479669 0.028447 0.038027
0 0.456660 0.496517 0.045850 0.028803
0 0.449297 0.516096 0.044511 0.032191
0 0.431894 0.533415 0.039826 0.035203
0 0.548360 0.467526 0.015060 0.034450
1 0.538153 0.482587 0.024096 0.040098
0 0.525268 0.501883 0.030455 0.038404
0 0.508032 0.528144 0.027443 0.041980
0 0.494478 0.550452 0.028447 0.039910
0 0.429384 0.552805 0.043507 0.034827
0 0.447791 0.564383 0.028782 0.032003
0 0.418340 0.584526 0.039491 0.037274
0 0.368809 0.605892 0.049531 0.036709
0 0.350904 0.641096 0.051205 0.035956
0 0.308735 0.665663 0.065261 0.033509
0 0.282463 0.690324 0.066934 0.027485
0 0.237784 0.717432 0.062584 0.038780
0 0.478246 0.571254 0.023427 0.042733
0 0.478414 0.577654 0.029786 0.038592
0 0.462182 0.592809 0.028782 0.044051
0 0.440930 0.613422 0.029116 0.038215
0 0.418173 0.632154 0.033802 0.044804
0 0.380689 0.667263 0.043173 0.040098
0 0.343876 0.695877 0.038487 0.037462
0 0.315763 0.730233 0.043842 0.044051
0 0.281961 0.759977 0.037818 0.042169
0 0.501004 0.603822 0.030120 0.039345
0 0.487115 0.616058 0.043173 0.037086
0 0.479250 0.635730 0.038822 0.035392
0 0.472892 0.657662 0.048193 0.037086
0 0.479585 0.678840 0.038153 0.036898
0 0.462851 0.702654 0.036814 0.043863
0 0.424197 0.717150 0.046519 0.040851
0 0.393909 0.755083 0.055556 0.043298
0 0.351406 0.778803 0.056894 0.033886
0 0.331660 0.808641 0.046185 0.036333
0 0.305388 0.832737 0.043173 0.036709
0 0.295181 0.863893 0.040830 0.037274
0 0.516566 0.728822 0.021754 0.041227
0 0.489290 0.737481 0.034806 0.038968
0 0.476406 0.765248 0.046519 0.039157
0 0.496486 0.778614 0.029786 0.033509
0 0.486111 0.809394 0.033802 0.039721
0 0.451640 0.831419 0.044511 0.041604
0 0.432229 0.870200 0.041834 0.037839
0 0.399096 0.899002 0.044511 0.035580
0 0.384538 0.931099 0.033467 0.038404
0 0.340361 0.952184 0.052209 0.044804
0 0.554719 0.818524 0.036479 0.041039
0 0.556727 0.848362 0.032463 0.036333
0 0.562751 0.880553 0.031124 0.039345
0 0.552544 0.901826 0.032798 0.040098
0 0.570114 0.931476 0.037149 0.035768
0 0.563588 0.952184 0.035475 0.037651
