0 0.046593 0.575134 0.041980 0.031124
0 0.087538 0.567938 0.045181 0.042838
0 0.115399 0.576138 0.047063 0.037818
0 0.148908 0.567269 0.050828 0.045515
0 0.170840 0.571954 0.048381 0.034806
0 0.198513 0.554552 0.043863 0.043507
0 0.231645 0.549029 0.042733 0.038487
0 0.263648 0.566098 0.037839 0.038487
0 0.280215 0.596051 0.041227 0.042169
0 0.321536 0.544679 0.035015 0.034471
0 0.347797 0.542671 0.034827 0.028447
0 0.309206 0.559572 0.037086 0.034137
0 0.330572 0.597390 0.045934 0.038822
0 0.363422 0.585843 0.028426 0.040495
0 0.364646 0.621653 0.038780 0.043173
0 0.229669 0.499331 0.036145 0.025435
0 0.211220 0.485609 0.037274 0.033467
0 0.248400 0.475736 0.041227 0.038487
0 0.302146 0.409639 0.032380 0.037483
0 0.276073 0.430890 0.042733 0.040495
0 0.331608 0.410810 0.038968 0.045850
0 0.372176 0.404451 0.038027 0.050535
0 0.413592 0.381861 0.038404 0.042838
0 0.448230 0.368641 0.036145 0.044511
0 0.475433 0.345716 0.035956 0.044846
0 0.510636 0.324465 0.033697 0.043842
0 0.544334 0.313420 0.034450 0.040495
0 0.408133 0.516901 0.038780 0.035141
0 0.422346 0.533802 0.032944 0.031459
0 0.451054 0.538822 0.033509 0.032129
0 0.475433 0.526439 0.034074 0.030120
0 0.495953 0.536312 0.036333 0.031794
0 0.515154 0.550870 0.038215 0.029451
0 0.547252 0.563588 0.039533 0.033467
0 0.508471 0.515060 0.036898 0.026104
0 0.530591 0.531961 0.041227 0.031124
0 0.406062 0.579317 0.038404 0.032798
0 0.382907 0.586513 0.032756 0.040495
0 0.391002 0.648427 0.038780 0.061245
0 0.428840 0.671519 0.040663 0.043842
0 0.465926 0.683400 0.038027 0.046854
0 0.418110 0.617805 0.032756 0.040830
0 0.445689 0.621319 0.036333 0.037818
0 0.479104 0.651104 0.032380 0.037818
0 0.512613 0.669344 0.039157 0.047523
0 0.539533 0.690763 0.036521 0.044177
0 0.576148 0.710509 0.040851 0.050870
0 0.599680 0.734103 0.031815 0.045850
0 0.628953 0.740295 0.039157 0.044177
0 0.585279 0.579485 0.039157 0.039826
0 0.620294 0.592871 0.040663 0.031124
0 0.648626 0.611111 0.041227 0.034137
0 0.679217 0.625335 0.037274 0.033133
0 0.707172 0.649598 0.043486 0.034137
1 0.559864 0.534471 0.038780 0.038153
0 0.578313 0.542169 0.038027 0.039491
0 0.600433 0.539659 0.041227 0.031124
0 0.628577 0.543005 0.036145 0.043173
0 0.661521 0.564592 0.039533 0.043507
0 0.688347 0.569779 0.036333 0.051874
0 0.722233 0.593876 0.037839 0.039157
0 0.741717 0.591867 0.031250 0.047189
0 0.775414 0.596553 0.036898 0.035141
0 0.573983 0.463521 0.032756 0.039491
0 0.594032 0.445783 0.027297 0.040830
0 0.613705 0.449967 0.028614 0.034471
0 0.628012 0.475234 0.034639 0.038153
0 0.641943 0.482764 0.036145 0.035810
0 0.662745 0.469880 0.032568 0.032129
0 0.674981 0.440930 0.038215 0.041165
0 0.699172 0.442604 0.038027 0.047858
0 0.723268 0.411145 0.034262 0.047189
0 0.741905 0.419846 0.035015 0.045181
0 0.762236 0.392403 0.034262 0.039826
0 0.780873 0.394411 0.029744 0.039157
0 0.700207 0.488956 0.036333 0.033467
0 0.740493 0.495147 0.040098 0.033133
0 0.713573 0.511212 0.035956 0.037149
0 0.766849 0.551874 0.043863 0.039491
0 0.801770 0.558400 0.044428 0.035141
0 0.828690 0.562082 0.043298 0.041165
0 0.854292 0.566098 0.041792 0.033802
0 0.886201 0.572791 0.039721 0.042503
0 0.914345 0.579819 0.041416 0.035810
0 0.936088 0.585007 0.037462 0.039491
0 0.954160 0.587851 0.036709 0.039157
0 0.754330 0.465361 0.027108 0.033802
0 0.777485 0.465194 0.035392 0.032798
0 0.802428 0.476238 0.029556 0.039491
0 0.830196 0.472557 0.031627 0.038822
0 0.863987 0.479752 0.033697 0.033133
0 0.885542 0.469210 0.030120 0.040830
0 0.913874 0.471051 0.030685 0.045850
1 0.816359 0.502845 0.038968 0.031124
0 0.842997 0.518072 0.038404 0.032798
0 0.863987 0.513554 0.032568 0.031794
0 0.890060 0.515897 0.040286 0.029116
0 0.915663 0.525937 0.038404 0.035810
0 0.950678 0.533969 0.041039 0.035141
0 0.963761 0.540997 0.035956 0.035810
