0 0.935617 0.488956 0.043298 0.042169
0 0.910297 0.487617 0.038968 0.043507
0 0.873870 0.488788 0.046687 0.042503
0 0.830384 0.501673 0.048946 0.038822
0 0.775602 0.479083 0.039157 0.042503
0 0.853069 0.366299 0.034450 0.043842
0 0.821630 0.391232 0.036709 0.041499
0 0.793581 0.385375 0.035203 0.036479
0 0.756777 0.404284 0.033133 0.043507
0 0.721291 0.424197 0.039721 0.032463
0 0.758754 0.510710 0.041980 0.032129
0 0.732681 0.517236 0.042545 0.032463
0 0.699360 0.506693 0.045934 0.042169
0 0.732869 0.613286 0.042545 0.039157
0 0.694654 0.609605 0.044051 0.037818
0 0.662180 0.607932 0.048381 0.033133
0 0.618505 0.595716 0.042733 0.040830
0 0.673381 0.443273 0.039157 0.039157
0 0.642225 0.457497 0.040098 0.034806
0 0.625094 0.486278 0.045369 0.040161
0 0.594785 0.476740 0.046122 0.037149
0 0.578313 0.592202 0.045181 0.037149
0 0.547534 0.562918 0.044239 0.045515
0 0.522402 0.580991 0.046687 0.029451
0 0.504142 0.554384 0.043298 0.039826
0 0.482398 0.554719 0.040098 0.029786
0 0.461126 0.563755 0.042357 0.033133
0 0.538968 0.355589 0.040663 0.041165
0 0.522496 0.383701 0.039345 0.039157
0 0.484187 0.376506 0.038780 0.034137
0 0.474492 0.465696 0.045745 0.037149
0 0.450395 0.488788 0.047628 0.031124
0 0.453407 0.400937 0.034450 0.042169
0 0.417357 0.486446 0.044428 0.041834
0 0.388366 0.508869 0.044804 0.031124
0 0.368317 0.592537 0.046122 0.035810
0 0.337538 0.602410 0.039157 0.028112
0 0.415757 0.424197 0.040098 0.045181
0 0.393543 0.461680 0.042733 0.037818
0 0.375471 0.445950 0.037086 0.051205
0 0.347703 0.504853 0.042169 0.044511
0 0.304311 0.587015 0.044616 0.045515
0 0.341867 0.473226 0.034639 0.054217
0 0.323230 0.475402 0.028614 0.040495
0 0.312406 0.494478 0.039721 0.035810
0 0.302240 0.539157 0.047252 0.030790
0 0.263837 0.513554 0.044992 0.037818
0 0.247082 0.548862 0.044616 0.036814
0 0.269955 0.596386 0.048946 0.034806
0 0.232304 0.581158 0.048569 0.045850
0 0.201148 0.595549 0.043110 0.026439
0 0.161427 0.566600 0.046122 0.026774
0 0.128106 0.584170 0.047628 0.043173
0 0.093279 0.583166 0.045745 0.031794
