0 0.048852 0.632195 0.057041 0.050870
0 0.099115 0.626841 0.061935 0.044846
0 0.126318 0.587182 0.060994 0.040495
0 0.162462 0.600569 0.060994 0.059237
0 0.219785 0.574632 0.058170 0.056894
0 0.202372 0.598059 0.053464 0.036814
0 0.201525 0.511546 0.051770 0.056560
0 0.249153 0.491968 0.049511 0.056225
0 0.234563 0.532965 0.053464 0.042503
0 0.277956 0.497992 0.055535 0.038153
0 0.341114 0.491968 0.054593 0.044846
0 0.277767 0.593708 0.061559 0.038822
0 0.327843 0.583333 0.057794 0.045515
0 0.370858 0.586178 0.054970 0.042503
0 0.402673 0.506526 0.055346 0.051205
0 0.413968 0.591198 0.057982 0.045850
1 0.311182 0.499498 0.057229 0.039826
0 0.448325 0.588353 0.057417 0.048862
0 0.484093 0.580154 0.056664 0.048527
0 0.431947 0.499163 0.054029 0.052544
0 0.468656 0.507697 0.048381 0.056894
0 0.501224 0.532129 0.052899 0.058233
0 0.526167 0.568608 0.054970 0.046854
0 0.565983 0.554217 0.059300 0.054217
0 0.526732 0.450636 0.050828 0.051874
0 0.551017 0.490462 0.054593 0.044511
0 0.588008 0.479752 0.055911 0.040495
0 0.610222 0.547523 0.058547 0.060910
0 0.661427 0.594880 0.063441 0.055221
0 0.367658 0.393909 0.049322 0.064257
0 0.410956 0.338521 0.048946 0.056560
0 0.454349 0.311412 0.043110 0.065261
0 0.499341 0.274431 0.052523 0.061580
0 0.526355 0.257697 0.039157 0.058902
0 0.565889 0.234270 0.044428 0.055556
0 0.637142 0.401104 0.044616 0.050535
0 0.614834 0.439759 0.051205 0.040830
0 0.657191 0.454819 0.059864 0.038153
0 0.674793 0.407463 0.043110 0.056560
0 0.693618 0.451138 0.058170 0.051539
0 0.698136 0.435576 0.054782 0.040495
0 0.751788 0.446787 0.058547 0.040830
0 0.747553 0.414659 0.053464 0.037483
0 0.808453 0.459672 0.055911 0.052544
0 0.790663 0.414993 0.046687 0.048862
0 0.836596 0.413822 0.047816 0.052544
0 0.860975 0.469043 0.054029 0.053882
0 0.874153 0.435241 0.052899 0.043173
0 0.899002 0.480589 0.057794 0.058233
0 0.937406 0.479585 0.052146 0.044846
0 0.941453 0.497825 0.047063 0.040495
0 0.723550 0.601573 0.061935 0.054552
0 0.763460 0.625167 0.055911 0.054886
0 0.808076 0.631526 0.059676 0.058902
0 0.851374 0.636044 0.057417 0.054552
