0 0.453983 0.035297 0.041165 0.063818
0 0.446954 0.081419 0.039826 0.057794
0 0.387048 0.102598 0.068608 0.050075
0 0.392738 0.127165 0.062584 0.049134
0 0.430221 0.118129 0.040495 0.044239
0 0.426205 0.159921 0.035141 0.055158
0 0.340863 0.182041 0.050535 0.056476
0 0.501339 0.202466 0.030790 0.052899
0 0.501339 0.234469 0.026104 0.046122
0 0.406961 0.189477 0.037483 0.051393
0 0.438588 0.200772 0.027108 0.043486
0 0.321787 0.233998 0.059906 0.056099
0 0.377510 0.229857 0.051539 0.058735
0 0.416499 0.233810 0.043173 0.048569
0 0.303548 0.279179 0.060910 0.050452
0 0.407798 0.271837 0.045181 0.049322
0 0.499331 0.273814 0.030120 0.053652
0 0.455489 0.288404 0.038153 0.050075
0 0.294009 0.320971 0.052544 0.050452
0 0.283802 0.356457 0.058233 0.044992
0 0.293173 0.389025 0.045515 0.053276
0 0.410810 0.318242 0.047858 0.054782
0 0.378514 0.355986 0.044177 0.054970
0 0.388889 0.407285 0.032798 0.049511
0 0.370817 0.399285 0.042838 0.041792
0 0.348059 0.441547 0.045515 0.049887
0 0.336011 0.478822 0.052209 0.037839
0 0.325301 0.513178 0.051539 0.051581
0 0.261379 0.649191 0.044177 0.052523
0 0.297189 0.622459 0.034137 0.055911
0 0.324632 0.584055 0.042169 0.047628
0 0.340696 0.554970 0.039491 0.053464
0 0.371988 0.520614 0.039157 0.052523
0 0.394578 0.473268 0.043507 0.051958
0 0.418675 0.426299 0.032798 0.050264
0 0.441432 0.407662 0.038822 0.055535
0 0.454150 0.369447 0.038822 0.058170
0 0.473226 0.341397 0.037483 0.063065
0 0.489793 0.310523 0.035141 0.063441
0 0.479250 0.396555 0.034806 0.051393
0 0.492972 0.430817 0.042169 0.054029
0 0.483434 0.435806 0.034471 0.039910
0 0.565428 0.479480 0.041834 0.051958
0 0.480422 0.459337 0.043173 0.051581
0 0.566934 0.533791 0.041499 0.051770
0 0.467704 0.486258 0.038487 0.044428
0 0.471386 0.512613 0.048527 0.046687
0 0.464525 0.542545 0.044846 0.042922
0 0.442269 0.628859 0.038487 0.057041
0 0.458333 0.578502 0.041165 0.050075
0 0.496486 0.599492 0.051205 0.046498
0 0.486111 0.577843 0.055221 0.057417
0 0.518909 0.553934 0.051874 0.051770
0 0.572959 0.501506 0.039491 0.055346
0 0.528447 0.626694 0.033467 0.042169
0 0.503681 0.667169 0.050870 0.047063
0 0.434237 0.676487 0.044511 0.051770
0 0.427544 0.709620 0.041834 0.048005
0 0.424364 0.747929 0.042838 0.051205
0 0.420515 0.778238 0.038487 0.050075
0 0.575301 0.601468 0.052209 0.050452
0 0.572456 0.631401 0.049197 0.051205
0 0.501841 0.705384 0.043842 0.048193
0 0.492972 0.748212 0.036814 0.053652
0 0.477075 0.784262 0.033802 0.053087
0 0.453481 0.816171 0.036145 0.048758
0 0.517236 0.816453 0.047189 0.049322
0 0.466198 0.981457 0.052878 0.037086
0 0.476071 0.954819 0.047189 0.030120
0 0.495817 0.955102 0.027778 0.030309
0 0.477075 0.922063 0.051205 0.037274
0 0.520080 0.895896 0.041499 0.042922
0 0.505355 0.857022 0.040830 0.045369
0 0.538487 0.778050 0.044177 0.042169
0 0.529786 0.752259 0.042838 0.045557
0 0.536145 0.720538 0.040830 0.040474
0 0.586680 0.662462 0.046854 0.048946
0 0.599900 0.691359 0.045181 0.049887
0 0.607262 0.709337 0.039157 0.044804
0 0.608768 0.746800 0.043507 0.053464
0 0.613119 0.791604 0.046854 0.050075
0 0.609772 0.829819 0.049531 0.051581
0 0.612450 0.883377 0.030790 0.053276
0 0.641734 0.898155 0.037818 0.046310
0 0.633869 0.847986 0.038822 0.048758
