0 0.324548 0.559070 0.033133 0.038487
0 0.303746 0.535141 0.032568 0.035475
0 0.273343 0.519746 0.035392 0.032798
0 0.242188 0.509203 0.038968 0.027778
0 0.201807 0.521252 0.039157 0.031124
0 0.163874 0.504685 0.034827 0.041499
0 0.135448 0.499498 0.035956 0.039826
0 0.118411 0.502510 0.031250 0.026439
0 0.099868 0.490127 0.035203 0.034471
0 0.040569 0.472724 0.037086 0.031794
0 0.064853 0.460509 0.032568 0.020750
0 0.082172 0.462182 0.038592 0.026774
0 0.178370 0.436914 0.038215 0.027108
0 0.190041 0.432731 0.034074 0.028782
0 0.213102 0.425033 0.029367 0.029451
0 0.230704 0.435576 0.032568 0.035810
0 0.254142 0.438086 0.035392 0.024766
0 0.271649 0.427878 0.038027 0.036479
0 0.285768 0.393909 0.035392 0.030790
0 0.304688 0.378849 0.037086 0.034806
0 0.326054 0.416332 0.035768 0.025435
0 0.345727 0.413655 0.029179 0.026104
0 0.363611 0.415830 0.034074 0.031124
0 0.389778 0.408969 0.030309 0.034806
0 0.411050 0.413487 0.032191 0.037149
0 0.434770 0.401606 0.032944 0.033467
0 0.454066 0.371988 0.033886 0.031124
0 0.474209 0.362450 0.029367 0.034806
0 0.503577 0.351238 0.033509 0.038487
0 0.527767 0.331493 0.031815 0.029786
0 0.561653 0.321954 0.034450 0.037483
0 0.592715 0.322791 0.031062 0.034471
0 0.621706 0.309404 0.031438 0.033802
0 0.234093 0.481760 0.032568 0.025100
0 0.256965 0.474398 0.033886 0.032463
0 0.283227 0.484940 0.030685 0.032798
0 0.307323 0.485609 0.031438 0.028112
0 0.331043 0.479920 0.031815 0.026104
0 0.352504 0.477410 0.038592 0.023092
0 0.383189 0.505020 0.036333 0.032129
0 0.420463 0.514893 0.039345 0.031124
0 0.455761 0.523427 0.035015 0.028112
0 0.486822 0.528782 0.034639 0.030120
0 0.519578 0.534639 0.033509 0.033133
0 0.549605 0.533467 0.035580 0.027443
0 0.425169 0.443775 0.031438 0.033467
0 0.441830 0.426372 0.025226 0.021419
0 0.468656 0.417336 0.030309 0.032129
0 0.481834 0.443273 0.033697 0.021084
0 0.503953 0.430054 0.035015 0.033467
0 0.526732 0.430723 0.028614 0.026774
0 0.527956 0.402778 0.035956 0.031794
0 0.552899 0.389893 0.033509 0.033467
0 0.543769 0.473059 0.034827 0.038487
0 0.563253 0.478916 0.032380 0.042838
0 0.583302 0.488286 0.031815 0.031459
0 0.587538 0.524766 0.036145 0.040161
0 0.608904 0.528614 0.031062 0.037149
0 0.633095 0.531292 0.034262 0.033133
0 0.660768 0.521084 0.035015 0.034806
0 0.688347 0.548025 0.038592 0.038487
0 0.722609 0.552711 0.037462 0.039826
0 0.754800 0.575469 0.036333 0.039826
0 0.783133 0.583501 0.032003 0.029116
0 0.809017 0.618474 0.036333 0.042169
0 0.695877 0.517738 0.037462 0.032129
0 0.715456 0.514056 0.034074 0.034137
0 0.734752 0.513220 0.035015 0.029116
0 0.752447 0.500502 0.033886 0.026439
0 0.775414 0.486278 0.029367 0.028112
0 0.799793 0.550201 0.030309 0.032798
0 0.831231 0.561580 0.034074 0.037483
0 0.859657 0.576807 0.029556 0.033802
0 0.880648 0.578815 0.030497 0.043842
0 0.907097 0.596720 0.028426 0.034137
0 0.347797 0.371486 0.037086 0.037483
0 0.371047 0.344712 0.031627 0.038153
0 0.394955 0.340194 0.028614 0.043842
0 0.422628 0.317771 0.030497 0.033133
0 0.448701 0.306894 0.026920 0.036145
0 0.478633 0.291667 0.032191 0.035141
0 0.584243 0.404786 0.035203 0.027108
0 0.616529 0.392403 0.032756 0.029116
0 0.649755 0.380857 0.036333 0.026104
0 0.671310 0.365127 0.034262 0.030790
0 0.694089 0.353748 0.032756 0.030790
0 0.715550 0.330991 0.032003 0.036814
0 0.572289 0.432062 0.034639 0.029451
0 0.591585 0.427711 0.032944 0.026774
0 0.612387 0.432564 0.036145 0.030455
0 0.614646 0.419177 0.025602 0.023092
0 0.637519 0.421185 0.025414 0.033802
0 0.658980 0.405288 0.030309 0.033467
0 0.680817 0.414993 0.030309 0.026774
0 0.705666 0.414826 0.031815 0.025100
0 0.738517 0.406459 0.034262 0.029116
0 0.756118 0.418173 0.028050 0.033133
0 0.785674 0.410475 0.032944 0.029116
0 0.808264 0.421185 0.031438 0.029116
0 0.771273 0.447791 0.035392 0.025435
0 0.803840 0.447624 0.034639 0.029786
0 0.822477 0.443942 0.032003 0.029116
0 0.838573 0.457831 0.032568 0.033467
0 0.862575 0.474063 0.038027 0.027108
0 0.889213 0.485609 0.033321 0.025435
0 0.919804 0.497992 0.035768 0.027443
0 0.940041 0.516734 0.034074 0.026104
0 0.951901 0.544511 0.034827 0.033467
