0 0.902579 0.595716 0.048381 0.059572
0 0.861540 0.569277 0.048758 0.062918
0 0.818242 0.538320 0.048381 0.056560
0 0.774944 0.510375 0.050640 0.054886
0 0.913874 0.354920 0.048005 0.035810
0 0.883754 0.368139 0.045745 0.033467
0 0.837067 0.357764 0.045745 0.042838
0 0.792451 0.368307 0.045369 0.039826
0 0.746894 0.373829 0.045745 0.041499
0 0.766472 0.314592 0.045369 0.028782
0 0.727786 0.314759 0.042169 0.029116
0 0.679405 0.327477 0.046687 0.033802
0 0.703596 0.389224 0.043863 0.037483
0 0.731551 0.439759 0.054217 0.044846
0 0.698325 0.451640 0.048005 0.044511
0 0.669710 0.431560 0.051393 0.039157
0 0.666510 0.390228 0.041604 0.037483
0 0.635166 0.446118 0.046310 0.036814
0 0.633377 0.338688 0.044239 0.033467
0 0.593279 0.362952 0.041980 0.049866
0 0.589044 0.437082 0.047816 0.032798
0 0.554593 0.366131 0.047063 0.036145
0 0.561088 0.446118 0.045745 0.025435
0 0.525226 0.448126 0.047063 0.028112
0 0.527861 0.516734 0.044051 0.034806
0 0.526450 0.391232 0.041980 0.039491
0 0.503671 0.420181 0.036709 0.031124
0 0.478257 0.399766 0.046122 0.039157
0 0.486634 0.456158 0.047440 0.028112
0 0.494729 0.527610 0.046687 0.043173
0 0.452748 0.455823 0.043298 0.027443
0 0.460090 0.513220 0.045557 0.027108
0 0.417545 0.516734 0.048569 0.038822
0 0.436276 0.578983 0.048381 0.051539
0 0.410580 0.550201 0.046310 0.032798
0 0.417922 0.460676 0.040286 0.030455
0 0.386295 0.460676 0.049322 0.035141
0 0.359752 0.473394 0.046687 0.030455
0 0.373588 0.500335 0.046498 0.030120
0 0.370011 0.563755 0.053652 0.042503
0 0.338667 0.542838 0.050075 0.041499
0 0.331419 0.504351 0.050264 0.039491
0 0.309582 0.458835 0.047628 0.033467
0 0.285297 0.461513 0.046498 0.020750
0 0.290286 0.542503 0.047440 0.033467
0 0.259224 0.512048 0.049322 0.042169
0 0.226186 0.523594 0.046498 0.028447
0 0.189571 0.519076 0.047063 0.038822
0 0.149755 0.529786 0.048758 0.033467
0 0.108340 0.526104 0.043863 0.030790
