0 0.084055 0.563253 0.046875 0.044177
0 0.119729 0.582831 0.043298 0.037818
0 0.160486 0.585007 0.043110 0.050201
0 0.191077 0.604752 0.044804 0.042169
0 0.227127 0.615797 0.049134 0.041499
0 0.145143 0.507363 0.044428 0.031459
0 0.179499 0.508701 0.045745 0.035475
0 0.231645 0.514558 0.049511 0.031794
0 0.274473 0.525435 0.050075 0.031459
0 0.199831 0.571452 0.046122 0.050535
0 0.238893 0.567938 0.039910 0.044177
0 0.261483 0.582664 0.044428 0.048193
0 0.285109 0.592537 0.041604 0.047189
0 0.311276 0.587851 0.042357 0.057229
0 0.316736 0.541667 0.043110 0.040495
0 0.336973 0.586680 0.039910 0.052878
1 0.161145 0.548025 0.039533 0.049866
1 0.216773 0.461345 0.038592 0.030455
1 0.246141 0.438420 0.032944 0.045515
0 0.268919 0.436747 0.032191 0.048193
0 0.341209 0.441767 0.043486 0.028112
0 0.350621 0.551707 0.044992 0.036479
0 0.388178 0.586680 0.047440 0.046854
0 0.369447 0.646586 0.047628 0.047523
0 0.405591 0.660475 0.043486 0.049866
0 0.438818 0.692771 0.038404 0.046854
0 0.473362 0.712182 0.038592 0.052878
0 0.510636 0.725569 0.041227 0.051539
0 0.372741 0.475569 0.040663 0.038822
0 0.395896 0.477075 0.034639 0.043173
0 0.424699 0.478748 0.039533 0.034471
0 0.432794 0.510542 0.046310 0.043842
0 0.447854 0.549364 0.043675 0.055890
0 0.475809 0.561245 0.038215 0.054217
0 0.517508 0.561747 0.046310 0.047189
0 0.356363 0.411479 0.046310 0.034471
1 0.371141 0.382363 0.035956 0.038487
0 0.397026 0.374498 0.030120 0.048862
0 0.423099 0.374331 0.032191 0.051874
0 0.449454 0.336513 0.039345 0.039826
0 0.482492 0.327142 0.037651 0.043173
0 0.517319 0.317102 0.036521 0.040495
0 0.541039 0.334505 0.034639 0.041165
0 0.569465 0.311580 0.036145 0.040161
0 0.467620 0.473394 0.042169 0.036479
0 0.487575 0.455489 0.038404 0.036814
0 0.511766 0.458668 0.039721 0.028447
0 0.524379 0.478916 0.043486 0.024096
0 0.551111 0.466031 0.044992 0.027108
0 0.571819 0.457162 0.042357 0.030790
0 0.600621 0.505522 0.045369 0.036479
0 0.631871 0.536479 0.040474 0.039491
0 0.663215 0.549699 0.044804 0.048527
0 0.697666 0.577309 0.041792 0.051539
0 0.724774 0.571787 0.040663 0.049197
0 0.750188 0.615295 0.044804 0.051874
0 0.544145 0.623327 0.043110 0.061245
0 0.579631 0.661647 0.040663 0.062918
0 0.605139 0.700971 0.041604 0.059237
0 0.635919 0.716198 0.039910 0.048862
0 0.650414 0.764893 0.046310 0.061245
0 0.563347 0.402108 0.037462 0.032463
1 0.589044 0.400435 0.037651 0.037149
0 0.613799 0.399766 0.033697 0.041165
0 0.626977 0.415830 0.035203 0.037818
0 0.650320 0.419009 0.031815 0.038822
0 0.675640 0.420683 0.036521 0.036145
0 0.694842 0.456158 0.045181 0.042838
0 0.716585 0.446452 0.044616 0.042838
0 0.733340 0.460676 0.040851 0.043842
0 0.766660 0.501673 0.046122 0.050201
0 0.696913 0.382865 0.041416 0.038822
0 0.729575 0.382697 0.036333 0.049197
0 0.803934 0.517738 0.040474 0.049531
0 0.834996 0.549029 0.038968 0.050535
0 0.873494 0.558902 0.043298 0.050870
0 0.899849 0.596218 0.040663 0.050535
0 0.932982 0.602410 0.048946 0.052878
0 0.765813 0.369478 0.039157 0.032129
0 0.796593 0.370984 0.032191 0.034471
0 0.828219 0.360776 0.032568 0.030790
0 0.855610 0.368307 0.036898 0.029786
0 0.760825 0.402443 0.034827 0.030455
0 0.782662 0.419009 0.040851 0.028112
0 0.799322 0.401272 0.035768 0.033467
0 0.830949 0.401104 0.033886 0.033133
0 0.858716 0.413655 0.044616 0.030120
0 0.890343 0.393240 0.039345 0.037483
0 0.913686 0.410810 0.034450 0.030455
0 0.938347 0.387885 0.037086 0.035475
0 0.965644 0.394913 0.037839 0.032129
