0 0.945312 0.635877 0.045369 0.042838
0 0.914533 0.649264 0.046310 0.036814
0 0.879706 0.557898 0.051205 0.046185
0 0.886483 0.554719 0.041416 0.039826
0 0.868976 0.652276 0.042545 0.042169
0 0.830666 0.626673 0.052146 0.048527
0 0.826054 0.547858 0.045557 0.044177
0 0.797063 0.528447 0.047063 0.038822
0 0.782380 0.592202 0.050452 0.047858
0 0.782191 0.621653 0.050075 0.045181
0 0.757530 0.578648 0.053087 0.050870
0 0.719221 0.632363 0.049134 0.054552
0 0.712255 0.586178 0.051770 0.041165
0 0.750471 0.518742 0.054405 0.032129
0 0.744635 0.468373 0.048005 0.042503
0 0.702748 0.469210 0.043675 0.045515
0 0.705290 0.510207 0.051393 0.032463
0 0.667922 0.490295 0.047063 0.037483
0 0.661803 0.546352 0.044992 0.041165
0 0.679782 0.632363 0.047440 0.055221
0 0.650791 0.602075 0.050828 0.054886
0 0.603351 0.596218 0.049322 0.047189
0 0.637895 0.522758 0.036709 0.036145
0 0.613046 0.508869 0.048758 0.036479
0 0.619917 0.486278 0.045557 0.032798
0 0.574360 0.494143 0.045181 0.035810
0 0.568806 0.554217 0.050264 0.049531
0 0.559676 0.462015 0.047816 0.033133
0 0.523155 0.461513 0.040286 0.034806
0 0.526261 0.561245 0.044992 0.044177
0 0.496047 0.564759 0.046310 0.043842
0 0.476562 0.535810 0.047628 0.046185
0 0.439100 0.530120 0.047628 0.051539
0 0.498494 0.699465 0.050828 0.049531
0 0.498117 0.432898 0.046310 0.043173
0 0.476751 0.467537 0.048758 0.038153
0 0.476186 0.655455 0.047628 0.042503
0 0.433170 0.637885 0.048946 0.048193
0 0.401920 0.598561 0.046310 0.034471
0 0.357587 0.597892 0.049511 0.050535
0 0.325207 0.558066 0.051017 0.051205
0 0.442677 0.454819 0.044992 0.042838
0 0.463950 0.414324 0.046498 0.041499
0 0.425358 0.422189 0.044239 0.031794
0 0.402108 0.445783 0.050828 0.030120
0 0.373400 0.406459 0.047252 0.035141
0 0.367470 0.444946 0.047063 0.037818
0 0.326901 0.462517 0.051393 0.032129
0 0.341114 0.417503 0.045557 0.036479
0 0.291133 0.555723 0.043486 0.055221
0 0.307135 0.411479 0.043110 0.032463
0 0.297534 0.455991 0.051393 0.041834
1 0.267696 0.566600 0.045934 0.045515
0 0.252824 0.527443 0.049322 0.043507
0 0.265907 0.469880 0.051393 0.038822
0 0.264119 0.421519 0.043675 0.034471
0 0.222609 0.425703 0.053276 0.036145
0 0.222986 0.505020 0.043863 0.032129
0 0.231081 0.486446 0.048381 0.036479
0 0.202843 0.486446 0.044616 0.030455
0 0.177146 0.488621 0.032380 0.061580
0 0.185335 0.429384 0.040098 0.023427
0 0.187123 0.447791 0.045181 0.026104
0 0.154838 0.499833 0.054405 0.047189
0 0.139401 0.439759 0.044992 0.031459
0 0.132342 0.429886 0.049699 0.027108
0 0.121988 0.502343 0.051958 0.044177
0 0.086785 0.471720 0.047440 0.051874
0 0.053087 0.478246 0.050828 0.041499
0 0.018449 0.451138 0.035768 0.051539
