0 0.128765 0.610274 0.082455 0.087349
0 0.193806 0.591700 0.079255 0.088353
0 0.243129 0.638052 0.083396 0.068608
0 0.270614 0.546687 0.083773 0.069277
0 0.328690 0.567436 0.084337 0.072624
0 0.307041 0.621821 0.075301 0.064257
0 0.385072 0.641566 0.085279 0.061580
0 0.409450 0.572624 0.081702 0.066934
0 0.365023 0.511881 0.075678 0.062584
0 0.432417 0.512216 0.078313 0.053882
0 0.464420 0.633032 0.074548 0.063922
0 0.522684 0.632865 0.088291 0.056894
0 0.554782 0.634371 0.077937 0.073293
0 0.620200 0.642738 0.085655 0.060576
0 0.490305 0.516064 0.073230 0.074967
0 0.546122 0.510040 0.069277 0.066265
0 0.599398 0.519913 0.071536 0.061914
0 0.660203 0.525100 0.067018 0.066265
0 0.697666 0.570448 0.078690 0.074632
0 0.584808 0.409973 0.073983 0.072959
0 0.631683 0.359772 0.070971 0.068273
0 0.690606 0.356426 0.076619 0.076975
0 0.715173 0.403112 0.077937 0.054552
0 0.765060 0.371151 0.069654 0.063588
0 0.814194 0.358936 0.062123 0.060576
0 0.850621 0.330656 0.054405 0.061580
0 0.898720 0.328313 0.061747 0.067604
