0 0.499331 0.057135 0.038153 0.045369
0 0.493641 0.092715 0.028782 0.038592
0 0.482262 0.124341 0.042169 0.041604
0 0.489793 0.152108 0.039826 0.044428
0 0.453481 0.185335 0.040830 0.039721
0 0.440763 0.222986 0.053548 0.039721
0 0.414324 0.264025 0.042169 0.041227
0 0.469712 0.266002 0.043173 0.033509
0 0.448293 0.288215 0.041165 0.036898
0 0.408467 0.302805 0.036479 0.045369
0 0.435576 0.311088 0.057229 0.025038
0 0.416332 0.331231 0.049531 0.036709
0 0.417503 0.368223 0.043842 0.039910
0 0.408969 0.404273 0.042169 0.041227
0 0.382865 0.428934 0.041499 0.038592
0 0.383032 0.460749 0.031794 0.035956
0 0.350736 0.483810 0.045515 0.042545
0 0.442604 0.398720 0.031794 0.034639
0 0.472222 0.407380 0.030120 0.042169
0 0.449799 0.432041 0.038153 0.044804
0 0.415663 0.444654 0.036814 0.039533
0 0.419177 0.469691 0.035810 0.035768
0 0.414157 0.502636 0.039826 0.039910
0 0.378179 0.526826 0.041499 0.040851
0 0.372992 0.554405 0.047189 0.037651
0 0.349230 0.586220 0.043842 0.042169
0 0.351071 0.620764 0.044846 0.041227
0 0.525937 0.244541 0.035810 0.048946
0 0.549531 0.264872 0.046185 0.037651
0 0.551037 0.297816 0.036479 0.037274
0 0.559906 0.322195 0.041499 0.041227
0 0.545515 0.358340 0.033467 0.041604
0 0.580991 0.380742 0.038822 0.040851
0 0.589692 0.416039 0.038822 0.037651
0 0.596051 0.445312 0.040830 0.037086
0 0.584505 0.473174 0.043173 0.038968
0 0.497992 0.510825 0.037483 0.036333
0 0.493976 0.534544 0.037483 0.038968
0 0.501171 0.557135 0.035810 0.036709
0 0.465529 0.572383 0.037483 0.041227
0 0.435074 0.591962 0.042169 0.043486
0 0.451473 0.627353 0.032129 0.043486
0 0.431894 0.663592 0.040495 0.039910
0 0.421687 0.703031 0.037483 0.042733
0 0.407296 0.730610 0.032798 0.044051
0 0.384873 0.761954 0.032798 0.043110
0 0.518407 0.609846 0.042838 0.038968
0 0.519244 0.633377 0.038487 0.038592
0 0.557898 0.661992 0.037483 0.041227
0 0.589190 0.692959 0.039826 0.037651
0 0.634873 0.720915 0.046185 0.036333
0 0.671017 0.745858 0.038822 0.036898
0 0.707999 0.765060 0.043173 0.035015
0 0.500167 0.688724 0.035141 0.038215
0 0.526439 0.706890 0.041499 0.035768
0 0.513722 0.735034 0.038153 0.043863
0 0.532798 0.770990 0.042838 0.034074
0 0.551539 0.806570 0.037483 0.037086
0 0.553046 0.845068 0.042503 0.037274
0 0.568608 0.879800 0.036814 0.038592
0 0.486111 0.795651 0.040495 0.041227
0 0.467369 0.825207 0.044511 0.043863
0 0.474565 0.857022 0.044846 0.045745
0 0.452309 0.884507 0.035141 0.043486
0 0.462684 0.921122 0.044511 0.044804
0 0.458668 0.954913 0.041165 0.043486
0 0.461345 0.973268 0.039157 0.038027
0 0.554217 0.907850 0.042838 0.036333
