0 0.073889 0.523594 0.052523 0.029116
0 0.115211 0.541499 0.053087 0.046185
0 0.143919 0.549197 0.051770 0.042838
0 0.180346 0.561580 0.049322 0.040161
0 0.211879 0.532129 0.055535 0.051539
0 0.253483 0.557731 0.051770 0.044511
0 0.289910 0.542336 0.057982 0.043173
0 0.331419 0.587851 0.052146 0.044511
0 0.371706 0.588186 0.052523 0.050535
0 0.263084 0.495147 0.053652 0.044511
0 0.307511 0.502008 0.046875 0.049531
0 0.350056 0.498661 0.052523 0.051539
0 0.397026 0.521754 0.051205 0.044846
0 0.437406 0.515395 0.053652 0.054217
0 0.479386 0.526104 0.045745 0.046185
0 0.513931 0.510207 0.051205 0.052544
0 0.542075 0.528614 0.048758 0.053213
0 0.316453 0.429552 0.050075 0.040495
0 0.346668 0.423527 0.037086 0.038487
0 0.367658 0.412818 0.041416 0.053213
0 0.404556 0.397758 0.042169 0.043842
0 0.425075 0.376841 0.043298 0.051539
0 0.456419 0.366968 0.040474 0.043842
0 0.490211 0.370649 0.046310 0.044511
0 0.522308 0.322959 0.044992 0.045515
0 0.551770 0.316600 0.039910 0.054886
0 0.588667 0.286479 0.044428 0.051539
1 0.606551 0.297858 0.041416 0.048193
0 0.635542 0.275435 0.035768 0.036145
0 0.430158 0.468039 0.047816 0.031794
0 0.446348 0.430723 0.046310 0.036145
0 0.481739 0.442771 0.044804 0.036145
0 0.512707 0.439759 0.048758 0.030120
0 0.543581 0.430723 0.050640 0.036145
0 0.567395 0.408802 0.061747 0.038487
0 0.613046 0.388220 0.053652 0.036814
0 0.642037 0.397423 0.048758 0.029116
0 0.683358 0.378849 0.053087 0.042169
0 0.716867 0.374163 0.042169 0.036145
0 0.648061 0.531961 0.049134 0.056560
0 0.685712 0.522088 0.048381 0.036814
0 0.717150 0.542336 0.047252 0.034471
0 0.748682 0.558233 0.047816 0.035475
0 0.775038 0.602410 0.050075 0.051539
0 0.807323 0.588186 0.052146 0.040495
0 0.849680 0.621653 0.055535 0.050535
0 0.895237 0.621653 0.048381 0.035141
0 0.936653 0.662149 0.047252 0.056560
0 0.966209 0.658802 0.042733 0.045850
0 0.667545 0.491131 0.050828 0.041165
0 0.694559 0.456325 0.048005 0.043842
0 0.719409 0.467369 0.045369 0.049866
0 0.752447 0.512885 0.051581 0.051874
0 0.786239 0.489458 0.049134 0.047189
0 0.830572 0.512216 0.054217 0.038487
0 0.861728 0.492135 0.049511 0.039157
0 0.896178 0.521084 0.048381 0.032798
0 0.916886 0.501673 0.044616 0.045515
