0 0.078596 0.537651 0.046498 0.037149
0 0.108245 0.551205 0.050452 0.036145
0 0.139872 0.548695 0.046310 0.036479
0 0.171687 0.551037 0.053087 0.045181
0 0.236822 0.565930 0.053464 0.048193
0 0.066265 0.493307 0.045557 0.049531
0 0.118035 0.496319 0.052334 0.042169
0 0.091303 0.515562 0.053840 0.033133
0 0.140343 0.475067 0.049134 0.039157
0 0.167075 0.455823 0.046875 0.040161
0 0.201807 0.468541 0.048569 0.038153
0 0.256306 0.496486 0.054405 0.040495
0 0.317677 0.535141 0.052899 0.046185
0 0.364834 0.561245 0.045934 0.046185
0 0.269578 0.612784 0.046310 0.044177
0 0.311276 0.638052 0.040851 0.052544
0 0.348362 0.649933 0.043110 0.048193
0 0.403614 0.589190 0.047063 0.037149
0 0.421310 0.638554 0.039157 0.060241
0 0.456137 0.651606 0.044428 0.054217
1 0.432982 0.497323 0.043675 0.048193
0 0.466114 0.513722 0.045557 0.041499
0 0.378389 0.475234 0.038404 0.051539
0 0.402108 0.485442 0.035015 0.048527
0 0.357398 0.433400 0.042733 0.029451
0 0.289439 0.440930 0.040098 0.039826
0 0.316924 0.447791 0.041604 0.040830
0 0.334714 0.445616 0.040663 0.035810
0 0.503294 0.560910 0.041227 0.048193
0 0.541510 0.575971 0.040098 0.062249
0 0.566359 0.619813 0.031062 0.070281
0 0.592715 0.640395 0.038215 0.069946
0 0.198607 0.380020 0.034639 0.065930
0 0.216962 0.395582 0.035580 0.032129
0 0.236916 0.358601 0.044239 0.039157
0 0.259130 0.311245 0.044239 0.045515
0 0.285297 0.272088 0.033697 0.058233
0 0.316453 0.250167 0.036898 0.051874
0 0.294804 0.378514 0.044804 0.030120
0 0.336408 0.368474 0.042169 0.031459
0 0.370105 0.361278 0.040286 0.042503
0 0.391284 0.366466 0.045369 0.032798
0 0.430911 0.363119 0.042169 0.030120
0 0.453407 0.389056 0.043110 0.029116
1 0.488611 0.401774 0.041980 0.043842
0 0.527767 0.373327 0.048381 0.032463
0 0.572666 0.389726 0.046310 0.033133
0 0.612481 0.404618 0.048758 0.034806
0 0.648532 0.417001 0.042922 0.033467
0 0.679123 0.436914 0.043486 0.038487
1 0.697572 0.493307 0.046498 0.027443
0 0.489834 0.475904 0.038780 0.044177
0 0.505365 0.459839 0.036709 0.030120
0 0.524661 0.493474 0.035392 0.045181
0 0.557041 0.508534 0.036521 0.053882
0 0.587067 0.509705 0.045745 0.048193
0 0.621517 0.487115 0.044239 0.038487
0 0.626600 0.546352 0.044992 0.048527
0 0.640154 0.531124 0.032568 0.052209
0 0.664439 0.539826 0.047252 0.053548
0 0.665945 0.580991 0.039721 0.064257
0 0.703125 0.620984 0.041792 0.053882
0 0.734940 0.650770 0.045557 0.055890
0 0.763931 0.695950 0.043298 0.063253
0 0.712444 0.559572 0.046498 0.048862
0 0.866811 0.678380 0.044239 0.040830
0 0.891755 0.720214 0.051581 0.046185
0 0.827560 0.670683 0.043675 0.052878
0 0.798663 0.614290 0.048381 0.044511
0 0.752541 0.587517 0.046498 0.046519
1 0.745576 0.522423 0.049134 0.042169
0 0.717715 0.525435 0.043863 0.039491
0 0.789062 0.535475 0.049887 0.036145
0 0.839703 0.556225 0.051017 0.039491
0 0.878953 0.586847 0.051205 0.047858
0 0.919239 0.610609 0.045934 0.041834
0 0.951525 0.635710 0.046875 0.047189
0 0.478539 0.213353 0.044428 0.039826
0 0.516378 0.223059 0.044051 0.031794
0 0.444654 0.240629 0.043298 0.035475
0 0.406250 0.243976 0.046687 0.040830
0 0.368788 0.271754 0.048569 0.034806
