0 0.095727 0.509203 0.043863 0.046519
0 0.136954 0.509538 0.044992 0.034471
0 0.163874 0.535141 0.049887 0.050201
0 0.199642 0.527778 0.043110 0.029451
0 0.204255 0.509203 0.044804 0.034471
0 0.222892 0.502845 0.045557 0.038487
0 0.254424 0.468206 0.040098 0.030120
0 0.280497 0.481091 0.041792 0.033133
0 0.318901 0.468039 0.041416 0.033133
0 0.286615 0.516566 0.044616 0.039157
0 0.260825 0.521921 0.041227 0.041165
0 0.327372 0.556058 0.041792 0.042503
0 0.366340 0.565930 0.044428 0.038822
0 0.409450 0.584337 0.039157 0.044846
0 0.443806 0.590027 0.044616 0.042838
0 0.467715 0.601071 0.039345 0.043507
0 0.495200 0.574130 0.043110 0.037149
0 0.506401 0.605589 0.042922 0.035141
0 0.364646 0.464525 0.044051 0.035475
0 0.388084 0.464692 0.043110 0.038487
0 0.420275 0.464357 0.040851 0.039157
0 0.448513 0.470214 0.039345 0.032129
0 0.484846 0.477912 0.048758 0.033467
0 0.481739 0.503514 0.036145 0.034471
0 0.513084 0.511546 0.042357 0.031124
0 0.378671 0.533133 0.035203 0.050870
0 0.410486 0.523092 0.038215 0.043507
0 0.462067 0.532631 0.042357 0.041834
0 0.441830 0.547691 0.036898 0.047189
1 0.397590 0.540830 0.042545 0.050201
0 0.527956 0.565930 0.042357 0.049531
0 0.554405 0.596051 0.040663 0.054217
0 0.588102 0.595716 0.039157 0.048193
0 0.618223 0.611780 0.041039 0.038822
0 0.582455 0.561245 0.041792 0.048862
0 0.554876 0.563420 0.042733 0.041834
0 0.540474 0.533802 0.037274 0.035475
0 0.567395 0.467369 0.044428 0.037149
0 0.597703 0.487784 0.040663 0.037149
0 0.636013 0.481593 0.044239 0.040161
0 0.669145 0.482597 0.039345 0.045515
0 0.701054 0.467035 0.042169 0.043173
0 0.612199 0.535475 0.048946 0.033467
0 0.643637 0.558735 0.042922 0.043842
0 0.687123 0.551539 0.039533 0.028112
0 0.718750 0.576473 0.038404 0.043173
0 0.666227 0.524431 0.045934 0.032129
0 0.697007 0.518407 0.046498 0.030120
0 0.753765 0.577979 0.042545 0.040161
0 0.736634 0.470884 0.041039 0.041499
0 0.740023 0.507697 0.041792 0.028782
0 0.761013 0.449632 0.039345 0.044511
0 0.790474 0.453313 0.035392 0.046519
0 0.781532 0.496151 0.038215 0.038487
0 0.820218 0.487784 0.045557 0.038487
0 0.847703 0.469210 0.042922 0.046185
0 0.889495 0.480589 0.041792 0.038822
0 0.778709 0.532296 0.040851 0.035810
0 0.808923 0.552711 0.047816 0.043173
0 0.832455 0.528782 0.048569 0.032129
0 0.869541 0.555054 0.047440 0.041834
0 0.901826 0.551205 0.038592 0.035475
0 0.934770 0.565596 0.043863 0.034806
0 0.962349 0.580991 0.042545 0.038822
