0 0.392738 0.046498 0.034471 0.042922
0 0.384538 0.084337 0.037483 0.047816
0 0.410643 0.102033 0.038153 0.039910
0 0.408969 0.131683 0.046854 0.041604
0 0.501339 0.180158 0.040830 0.033886
0 0.472222 0.188253 0.028112 0.042545
0 0.453481 0.199925 0.035475 0.038027
0 0.465027 0.220821 0.039157 0.037274
0 0.474398 0.254989 0.033802 0.039721
0 0.473896 0.273908 0.036814 0.036898
0 0.467035 0.303464 0.039157 0.041039
0 0.525770 0.213197 0.029451 0.034450
0 0.551037 0.223174 0.042503 0.034074
0 0.505689 0.231834 0.032798 0.038592
0 0.517403 0.254518 0.036145 0.038780
0 0.557564 0.244729 0.042838 0.025226
0 0.575301 0.271555 0.038822 0.033697
0 0.552878 0.280591 0.040161 0.037086
0 0.517570 0.303276 0.029786 0.038404
0 0.520080 0.318336 0.026104 0.038027
0 0.520415 0.341303 0.027443 0.034639
0 0.535141 0.353257 0.034806 0.038215
0 0.569277 0.322854 0.033467 0.042545
0 0.598226 0.305158 0.047189 0.032756
0 0.612115 0.330666 0.040161 0.032568
0 0.628012 0.346574 0.037818 0.032003
0 0.589190 0.349774 0.030455 0.035392
0 0.639726 0.370011 0.044511 0.029556
0 0.594545 0.375282 0.030455 0.035956
0 0.610776 0.406250 0.028782 0.036521
0 0.642570 0.389495 0.043507 0.027108
0 0.637383 0.404650 0.033802 0.030309
0 0.629351 0.431288 0.031794 0.035392
0 0.654786 0.441453 0.035141 0.035015
0 0.673193 0.483622 0.031124 0.036898
0 0.695950 0.501318 0.031794 0.028991
0 0.697456 0.530215 0.036145 0.029556
0 0.721720 0.557323 0.034471 0.028426
0 0.456660 0.334526 0.030455 0.038404
0 0.434070 0.381024 0.032798 0.044051
0 0.411981 0.413404 0.031459 0.037274
0 0.395917 0.442677 0.032129 0.035956
0 0.379016 0.473080 0.033802 0.039533
0 0.497825 0.379895 0.033133 0.040663
0 0.487115 0.400602 0.039826 0.037651
0 0.476908 0.431194 0.032129 0.040851
0 0.496821 0.439006 0.036479 0.034639
0 0.492135 0.456796 0.046519 0.033697
0 0.453146 0.469974 0.040830 0.038215
0 0.469880 0.487481 0.036145 0.037839
0 0.442436 0.496141 0.036814 0.036709
0 0.438755 0.521837 0.042838 0.036521
0 0.425368 0.552523 0.039491 0.038780
0 0.395080 0.575113 0.047858 0.038404
0 0.392068 0.607398 0.041165 0.039345
0 0.359270 0.636013 0.046519 0.035203
0 0.342202 0.666322 0.047189 0.035580
0 0.551205 0.491246 0.031459 0.034450
0 0.557898 0.516849 0.030790 0.034827
0 0.571118 0.545840 0.027108 0.032568
0 0.523594 0.562312 0.045850 0.036521
0 0.525435 0.583396 0.024766 0.030497
0 0.500502 0.594785 0.040495 0.028050
0 0.529786 0.611540 0.030790 0.034450
0 0.490127 0.612575 0.034471 0.031627
0 0.486780 0.629895 0.041165 0.030873
0 0.472222 0.654744 0.042169 0.029367
0 0.442436 0.681005 0.044177 0.032944
0 0.427376 0.707078 0.043507 0.030873
0 0.407798 0.733904 0.041834 0.035203
0 0.395080 0.759413 0.044511 0.030497
0 0.384538 0.789721 0.037483 0.036145
0 0.608601 0.461785 0.034471 0.036898
0 0.625167 0.497176 0.036814 0.036145
0 0.632028 0.518166 0.054552 0.042733
0 0.624163 0.539627 0.034137 0.039345
0 0.622825 0.551770 0.036145 0.038404
0 0.615629 0.573325 0.036479 0.035580
0 0.617637 0.603539 0.031794 0.032380
0 0.617135 0.628953 0.029451 0.036521
0 0.612617 0.659450 0.031794 0.036521
0 0.613286 0.687029 0.029786 0.034074
0 0.629016 0.717809 0.031794 0.030120
0 0.575134 0.636295 0.037818 0.049322
0 0.562584 0.658415 0.029451 0.037462
0 0.535977 0.679499 0.034471 0.038215
0 0.508869 0.690606 0.045181 0.031438
0 0.510375 0.711785 0.044846 0.036521
0 0.505689 0.738328 0.037483 0.040663
0 0.483601 0.772026 0.042169 0.037274
0 0.465529 0.806664 0.039491 0.039533
0 0.439090 0.834055 0.040830 0.038592
0 0.435408 0.863234 0.030790 0.035580
0 0.418507 0.888554 0.028447 0.038404
0 0.579150 0.683923 0.034471 0.031627
0 0.589023 0.705384 0.027443 0.030120
0 0.577309 0.727504 0.032798 0.034074
0 0.543005 0.732022 0.034471 0.030309
0 0.541667 0.757342 0.027778 0.030120
0 0.548527 0.776355 0.036814 0.032380
0 0.545013 0.805535 0.031124 0.032756
0 0.511379 0.830290 0.032798 0.033321
0 0.490629 0.863705 0.038822 0.033509
0 0.458668 0.890060 0.041834 0.031250
0 0.453648 0.914533 0.039157 0.032380
0 0.421017 0.934864 0.040830 0.033886
0 0.622323 0.745858 0.030455 0.032003
0 0.599230 0.754424 0.035810 0.032944
0 0.587684 0.769108 0.032798 0.034074
0 0.594880 0.792451 0.031794 0.037839
0 0.608099 0.813630 0.028782 0.033133
0 0.609103 0.837349 0.027443 0.035768
0 0.617637 0.862011 0.027108 0.033509
0 0.624163 0.887989 0.030120 0.035015
0 0.638889 0.911239 0.033467 0.033321
0 0.628347 0.928652 0.035810 0.036145
