0 0.454652 0.078596 0.049197 0.048005
0 0.456995 0.104010 0.052544 0.041227
0 0.448628 0.129047 0.059906 0.052899
0 0.427711 0.179688 0.062249 0.055535
0 0.401774 0.231363 0.051874 0.056476
0 0.398427 0.274755 0.059906 0.052899
0 0.380522 0.320218 0.049531 0.063253
0 0.513220 0.197195 0.057898 0.054782
0 0.479418 0.213385 0.052544 0.052899
0 0.505689 0.241623 0.055556 0.054782
0 0.535141 0.282568 0.042838 0.049699
0 0.555388 0.306382 0.047189 0.044239
0 0.564592 0.333490 0.042838 0.048381
0 0.543005 0.371988 0.055890 0.060994
0 0.587349 0.382812 0.058233 0.046498
0 0.558735 0.422252 0.040495 0.053840
0 0.596888 0.440418 0.057898 0.053276
0 0.458668 0.400038 0.041165 0.056099
0 0.471051 0.427428 0.051874 0.053276
0 0.426372 0.478916 0.058233 0.054970
0 0.411981 0.523061 0.062918 0.051017
0 0.365462 0.576807 0.066934 0.056476
0 0.357932 0.621706 0.073963 0.052899
0 0.331827 0.674511 0.068608 0.060994
0 0.368307 0.697007 0.064592 0.054782
0 0.343876 0.749247 0.073293 0.056852
0 0.298527 0.795745 0.071620 0.054217
0 0.264558 0.843750 0.077309 0.056099
0 0.232597 0.885730 0.070950 0.060994
0 0.561914 0.470633 0.045515 0.057229
0 0.571787 0.519767 0.044511 0.054217
0 0.575469 0.565230 0.048527 0.054782
0 0.575301 0.610222 0.053548 0.053276
0 0.530790 0.549793 0.040830 0.053276
0 0.521252 0.579819 0.043842 0.056852
0 0.521586 0.654838 0.046519 0.060806
0 0.510877 0.702560 0.047189 0.056099
0 0.494143 0.746517 0.055221 0.062312
0 0.503179 0.790851 0.044511 0.049699
0 0.478246 0.828313 0.050201 0.056476
0 0.643072 0.485787 0.059906 0.052899
0 0.654786 0.534921 0.047858 0.055158
0 0.694946 0.579537 0.061245 0.046498
0 0.703648 0.617658 0.047189 0.050075
