0 0.491801 0.036992 0.035810 0.042733
0 0.504183 0.068336 0.039826 0.044428
0 0.470549 0.115870 0.036814 0.045369
0 0.472724 0.163215 0.043842 0.044804
0 0.529116 0.156627 0.032798 0.040663
0 0.570114 0.162745 0.039826 0.031438
0 0.599565 0.166322 0.052544 0.029556
0 0.435910 0.220256 0.034471 0.044428
0 0.489625 0.211785 0.033467 0.039157
0 0.468206 0.231739 0.036814 0.035015
0 0.435576 0.253953 0.036479 0.037274
0 0.427878 0.291133 0.026439 0.041604
0 0.469043 0.260919 0.036479 0.035015
0 0.467035 0.294898 0.034471 0.036709
0 0.450301 0.325866 0.035810 0.038404
0 0.473394 0.335090 0.029786 0.038027
0 0.422356 0.364175 0.040830 0.040851
0 0.411647 0.409450 0.033467 0.044428
0 0.388554 0.448419 0.038153 0.039910
0 0.366968 0.484940 0.036479 0.040286
0 0.347390 0.513931 0.034137 0.039910
0 0.329987 0.544804 0.032798 0.039910
0 0.467871 0.395143 0.034137 0.039157
1 0.482430 0.415004 0.031794 0.036709
0 0.514391 0.373117 0.032129 0.038027
0 0.496151 0.352880 0.028447 0.035956
0 0.476406 0.439194 0.034471 0.038404
0 0.454317 0.461596 0.031124 0.035015
0 0.457162 0.481269 0.032129 0.037462
0 0.452142 0.517602 0.036814 0.040474
0 0.446954 0.543675 0.035141 0.032380
0 0.441432 0.579913 0.032129 0.040098
0 0.439592 0.608998 0.029786 0.040286
0 0.445281 0.638648 0.030455 0.039721
0 0.448461 0.659262 0.033467 0.035015
0 0.471051 0.597327 0.026439 0.032380
0 0.489123 0.613517 0.025100 0.027108
0 0.487952 0.636578 0.038153 0.033321
0 0.450971 0.703596 0.034471 0.037839
0 0.433735 0.739928 0.038153 0.038968
0 0.442269 0.769014 0.040495 0.039157
0 0.428882 0.803464 0.043173 0.035392
0 0.440261 0.833114 0.032463 0.037086
0 0.468039 0.783791 0.027778 0.043110
0 0.478916 0.811088 0.032129 0.040851
0 0.470214 0.839514 0.027443 0.035203
0 0.472222 0.870953 0.033467 0.035580
0 0.476740 0.891096 0.037818 0.034450
0 0.477410 0.920840 0.030455 0.034827
0 0.497155 0.944936 0.033133 0.036333
0 0.493139 0.965173 0.035141 0.038780
0 0.565428 0.201525 0.036479 0.037462
0 0.599732 0.217903 0.050201 0.030309
0 0.597222 0.240493 0.047858 0.033697
0 0.588186 0.262801 0.045850 0.026732
0 0.595716 0.286898 0.046854 0.038780
0 0.613621 0.317959 0.039157 0.036145
0 0.625837 0.350433 0.041499 0.035580
0 0.636546 0.387707 0.032798 0.034827
0 0.639726 0.416698 0.029786 0.037462
0 0.654618 0.442771 0.030120 0.036145
0 0.670515 0.479575 0.030455 0.035580
0 0.522423 0.440983 0.036145 0.032191
0 0.545683 0.464797 0.037149 0.033133
0 0.520080 0.476657 0.035475 0.036898
0 0.551539 0.499247 0.032798 0.033509
0 0.538320 0.519202 0.036479 0.035392
0 0.514558 0.554499 0.042503 0.037839
0 0.535141 0.551393 0.033467 0.034262
0 0.567269 0.576807 0.034806 0.033509
0 0.507865 0.574360 0.040495 0.037274
0 0.513220 0.593656 0.039157 0.035580
0 0.554886 0.603257 0.038153 0.035580
0 0.577477 0.608434 0.038487 0.035015
0 0.552209 0.629800 0.034137 0.035956
0 0.592704 0.643731 0.036145 0.036333
0 0.540830 0.660297 0.038822 0.039721
0 0.593206 0.662745 0.037149 0.033321
0 0.564424 0.683641 0.043173 0.034827
0 0.601406 0.693712 0.036145 0.033886
0 0.554217 0.712349 0.033467 0.037651
0 0.576640 0.740776 0.038822 0.038780
0 0.586513 0.760919 0.040495 0.032003
0 0.519913 0.726657 0.031794 0.033509
0 0.508032 0.745105 0.031459 0.039910
0 0.502677 0.766755 0.030120 0.035015
0 0.533467 0.786333 0.033467 0.038780
0 0.533133 0.822948 0.038153 0.037086
0 0.551205 0.846103 0.030790 0.029932
0 0.553213 0.875282 0.037483 0.036709
0 0.572959 0.890154 0.034806 0.028803
0 0.562584 0.911521 0.038822 0.030497
1 0.452309 0.662462 0.017738 0.018825
