0 0.071724 0.438086 0.046687 0.051539
0 0.104010 0.418675 0.045745 0.056894
0 0.145331 0.384538 0.047816 0.046185
0 0.179593 0.377845 0.043675 0.039491
0 0.108904 0.472892 0.041227 0.044846
0 0.144202 0.452979 0.048193 0.038487
0 0.188912 0.421519 0.049134 0.048527
0 0.230045 0.437416 0.055723 0.031459
0 0.237011 0.391566 0.051958 0.038153
0 0.243976 0.320281 0.039910 0.047523
0 0.265531 0.329819 0.044992 0.035810
0 0.298758 0.358266 0.048569 0.041834
0 0.300922 0.308568 0.040851 0.054217
0 0.361069 0.309070 0.044051 0.035810
0 0.326337 0.314926 0.039345 0.047523
0 0.319465 0.378514 0.043298 0.042838
0 0.342432 0.363788 0.050828 0.038153
0 0.374341 0.354752 0.045745 0.046854
0 0.296498 0.420181 0.057982 0.038487
0 0.287274 0.432898 0.056099 0.029786
0 0.338291 0.427041 0.046310 0.029451
0 0.352316 0.451305 0.051393 0.039826
0 0.384601 0.440930 0.047063 0.034471
0 0.397308 0.482764 0.052146 0.035141
0 0.438253 0.515228 0.049699 0.043173
0 0.481457 0.543340 0.051017 0.047858
0 0.455761 0.450803 0.050452 0.036814
0 0.419428 0.442771 0.049699 0.041499
0 0.456796 0.415663 0.049134 0.053548
0 0.509601 0.421687 0.054217 0.035475
0 0.397402 0.346218 0.047063 0.039826
0 0.429593 0.347892 0.045557 0.039826
0 0.405403 0.283802 0.048758 0.042838
0 0.246047 0.366131 0.052334 0.042169
0 0.537462 0.458501 0.048193 0.040161
0 0.579349 0.475569 0.054782 0.037483
0 0.618505 0.514726 0.051017 0.046854
0 0.654744 0.544846 0.049322 0.042838
0 0.474209 0.354083 0.044051 0.047523
0 0.497553 0.351406 0.040286 0.040161
0 0.512331 0.365629 0.032568 0.036479
0 0.542922 0.385375 0.042169 0.053882
0 0.458678 0.302041 0.050640 0.038487
0 0.508566 0.286814 0.046875 0.039491
0 0.544522 0.316767 0.041980 0.047858
0 0.566830 0.396419 0.034262 0.054552
1 0.634883 0.355924 0.044992 0.025770
0 0.626224 0.327142 0.046122 0.035141
0 0.582925 0.317436 0.043486 0.037818
0 0.602786 0.359772 0.037651 0.048193
0 0.592526 0.399096 0.043110 0.042503
0 0.634601 0.449799 0.045181 0.067604
0 0.659262 0.381861 0.039533 0.038153
0 0.695312 0.408802 0.048758 0.045850
0 0.693242 0.454150 0.046498 0.049531
0 0.664157 0.486948 0.041792 0.060910
0 0.706043 0.526606 0.042733 0.059906
0 0.741623 0.560910 0.039345 0.062249
0 0.785486 0.597557 0.044239 0.059237
1 0.790851 0.463855 0.053087 0.036145
0 0.723362 0.462851 0.055535 0.042838
0 0.736822 0.450301 0.045557 0.047858
0 0.747364 0.497323 0.054217 0.041499
0 0.834055 0.493307 0.041227 0.048193
0 0.877259 0.507530 0.049699 0.035810
0 0.894767 0.580321 0.039910 0.069612
0 0.776261 0.553213 0.053652 0.054217
0 0.827184 0.582497 0.050452 0.057898
0 0.859846 0.643240 0.047628 0.052878
0 0.913686 0.673193 0.051393 0.063253
0 0.940230 0.716031 0.043486 0.053882
0 0.968938 0.748159 0.046687 0.072624
