0 0.052899 0.528447 0.046310 0.045515
0 0.082549 0.517570 0.047252 0.027778
0 0.110505 0.540663 0.048946 0.042503
0 0.149944 0.529618 0.047628 0.027778
0 0.166792 0.557396 0.050452 0.047189
0 0.187500 0.516901 0.047816 0.033133
0 0.221009 0.567102 0.042545 0.055221
0 0.250659 0.582664 0.035203 0.048862
0 0.282474 0.603414 0.040098 0.054886
0 0.320783 0.641734 0.038780 0.056560
0 0.343656 0.658133 0.042357 0.052544
0 0.344785 0.619478 0.050640 0.042169
1 0.322854 0.588521 0.047063 0.029786
0 0.290945 0.581158 0.041980 0.038487
0 0.259224 0.550368 0.050075 0.039157
0 0.262801 0.501506 0.040663 0.036479
0 0.304782 0.507697 0.039910 0.027443
0 0.310147 0.529618 0.049134 0.031794
0 0.321348 0.558568 0.039910 0.055556
0 0.344221 0.553380 0.038592 0.053213
0 0.372176 0.533300 0.050452 0.034471
0 0.401167 0.564257 0.046310 0.054217
0 0.440230 0.555890 0.048005 0.029451
0 0.466303 0.569277 0.044804 0.028782
0 0.499529 0.592369 0.048381 0.039491
0 0.525320 0.609270 0.047628 0.039826
1 0.405968 0.466198 0.041604 0.036814
0 0.395802 0.498159 0.048758 0.037149
0 0.429593 0.479585 0.042169 0.035475
0 0.443524 0.518072 0.048193 0.040161
0 0.465738 0.527443 0.045934 0.039491
0 0.482304 0.516232 0.043675 0.038487
0 0.518543 0.523929 0.048758 0.049197
0 0.476939 0.465027 0.044239 0.043842
0 0.492752 0.450971 0.043863 0.033133
0 0.514778 0.472390 0.041980 0.043173
0 0.555252 0.547523 0.041980 0.050201
0 0.596950 0.561747 0.040286 0.044511
0 0.637895 0.574297 0.044616 0.042838
0 0.668675 0.555890 0.046310 0.044177
0 0.701148 0.581995 0.046122 0.052209
0 0.533321 0.481091 0.044804 0.047189
0 0.560147 0.495315 0.046498 0.050201
0 0.583961 0.474398 0.050075 0.035810
0 0.615776 0.501673 0.045181 0.050201
0 0.565418 0.431560 0.044616 0.030455
0 0.583678 0.445114 0.043863 0.035475
0 0.613611 0.451807 0.043486 0.042838
0 0.639401 0.441934 0.041980 0.033802
0 0.653144 0.513554 0.049887 0.051205
0 0.667169 0.457497 0.042545 0.033467
0 0.698419 0.513889 0.048193 0.043173
0 0.704913 0.452644 0.040098 0.033802
0 0.734563 0.523762 0.045557 0.048862
0 0.746235 0.462684 0.045557 0.033802
0 0.774285 0.480756 0.045934 0.036479
0 0.816924 0.493641 0.043110 0.036814
0 0.843562 0.517068 0.047816 0.040161
0 0.668016 0.373829 0.041980 0.046185
0 0.695595 0.356258 0.036898 0.039826
0 0.706231 0.326473 0.037839 0.048527
0 0.737293 0.330656 0.034450 0.044846
0 0.761107 0.381526 0.046310 0.034137
0 0.806852 0.376004 0.044804 0.039157
0 0.778144 0.326807 0.037086 0.047189
0 0.823042 0.321452 0.043298 0.034471
0 0.845633 0.360776 0.051581 0.036145
0 0.883377 0.350234 0.046498 0.041165
0 0.888837 0.320281 0.047252 0.032798
0 0.918486 0.360107 0.044428 0.039491
0 0.918298 0.340529 0.046687 0.035141
