0 0.058453 0.546519 0.036709 0.029451
0 0.103445 0.545515 0.045369 0.027443
0 0.139119 0.552209 0.043298 0.027443
0 0.179688 0.556727 0.042357 0.021084
0 0.213761 0.571285 0.037839 0.034806
0 0.245670 0.573628 0.039910 0.034806
0 0.172628 0.516064 0.036898 0.034137
1 0.153803 0.528280 0.037651 0.029786
0 0.201525 0.538153 0.052523 0.029451
0 0.237011 0.526272 0.040663 0.029116
0 0.241058 0.496653 0.044616 0.028782
0 0.281721 0.532798 0.040098 0.029451
0 0.306382 0.528614 0.042357 0.033802
0 0.344880 0.532129 0.039910 0.031459
0 0.362952 0.524264 0.040663 0.030455
0 0.279650 0.469378 0.041980 0.030455
0 0.298663 0.466031 0.036333 0.035810
0 0.328219 0.466365 0.038215 0.041165
0 0.337161 0.442771 0.038780 0.038153
0 0.364834 0.441432 0.030873 0.044846
0 0.388931 0.452142 0.042169 0.037483
0 0.361728 0.496988 0.042733 0.028112
0 0.393637 0.513387 0.038780 0.040830
0 0.425922 0.515897 0.037839 0.030455
0 0.451148 0.529284 0.039345 0.031794
0 0.420651 0.431727 0.041604 0.037483
0 0.426581 0.464859 0.054217 0.033467
0 0.459526 0.479250 0.044051 0.040830
0 0.485505 0.483266 0.043675 0.034137
0 0.455949 0.424699 0.038404 0.043507
0 0.486916 0.404953 0.038968 0.037483
0 0.504612 0.442771 0.048005 0.034806
0 0.520896 0.468541 0.035015 0.044177
0 0.546593 0.452979 0.045369 0.040495
0 0.564006 0.476238 0.041416 0.032129
0 0.593279 0.496319 0.043486 0.047523
0 0.514495 0.418340 0.038404 0.032129
0 0.545087 0.404953 0.034827 0.032798
0 0.563441 0.394411 0.034639 0.026439
0 0.582737 0.428548 0.038215 0.037149
0 0.603727 0.469712 0.037274 0.028447
0 0.635542 0.501673 0.044428 0.052209
0 0.634319 0.469712 0.038592 0.032463
0 0.660580 0.473896 0.040663 0.036814
0 0.615117 0.430556 0.030685 0.036479
0 0.646555 0.423695 0.035580 0.039491
0 0.673005 0.530455 0.039910 0.049531
0 0.711126 0.548193 0.039721 0.055556
0 0.746894 0.575469 0.035956 0.053882
0 0.781909 0.595214 0.042733 0.053882
0 0.686088 0.468206 0.043486 0.042169
0 0.691453 0.412316 0.033133 0.033467
0 0.725904 0.431894 0.040286 0.036479
0 0.751977 0.452811 0.034450 0.038822
0 0.729480 0.486111 0.041416 0.042503
0 0.772214 0.524766 0.041416 0.054886
0 0.800922 0.573795 0.037086 0.063253
0 0.838291 0.605924 0.041039 0.063253
0 0.860881 0.651104 0.036521 0.062584
0 0.779367 0.397423 0.039157 0.037149
0 0.819183 0.397925 0.038592 0.045515
0 0.856739 0.409973 0.037651 0.040830
0 0.893825 0.415328 0.040663 0.038153
0 0.927428 0.419511 0.039345 0.037149
0 0.944936 0.436078 0.040851 0.034137
