0 0.110693 0.548025 0.038780 0.040495
0 0.089044 0.560910 0.039910 0.048193
0 0.138178 0.540161 0.039910 0.045515
0 0.171404 0.546519 0.048005 0.040161
0 0.205949 0.506024 0.047816 0.042169
0 0.243223 0.507697 0.042922 0.046854
0 0.277861 0.473896 0.049699 0.039491
0 0.280309 0.507865 0.043675 0.035810
0 0.315041 0.488454 0.042733 0.041165
0 0.341679 0.494311 0.045181 0.046854
0 0.379236 0.467035 0.042733 0.041834
0 0.393449 0.515228 0.046310 0.040495
0 0.422063 0.438420 0.045934 0.041499
0 0.422816 0.475234 0.045181 0.039491
0 0.458490 0.428715 0.038215 0.046185
0 0.496235 0.419177 0.042545 0.041165
0 0.473362 0.536981 0.046498 0.036479
0 0.515531 0.538320 0.043863 0.045181
0 0.553934 0.551539 0.043110 0.038822
0 0.586220 0.551372 0.042922 0.047858
0 0.634319 0.572791 0.045369 0.038487
0 0.596480 0.516232 0.046875 0.042503
0 0.564947 0.488454 0.040663 0.036479
0 0.604669 0.455656 0.041792 0.031794
0 0.630648 0.450636 0.037651 0.039826
0 0.662180 0.446285 0.034450 0.037149
0 0.689571 0.452477 0.040663 0.045515
0 0.734940 0.440763 0.041416 0.034806
0 0.777108 0.444444 0.044804 0.052209
0 0.657662 0.523762 0.046122 0.049531
0 0.692677 0.541499 0.044992 0.047523
0 0.728916 0.541834 0.042922 0.050201
0 0.764213 0.559906 0.047628 0.046185
0 0.807417 0.562249 0.045181 0.047523
0 0.780591 0.517068 0.046122 0.040161
0 0.840832 0.523260 0.043110 0.044511
0 0.876788 0.534304 0.039345 0.036479
0 0.821630 0.446620 0.043110 0.041834
0 0.857775 0.453481 0.037839 0.038822
0 0.908415 0.527945 0.039721 0.048527
0 0.937218 0.541499 0.037839 0.047523
0 0.961408 0.548193 0.036898 0.048862
