0 0.065512 0.507530 0.044051 0.046519
0 0.096009 0.493307 0.048946 0.038822
0 0.074078 0.461513 0.046122 0.038822
0 0.149002 0.537149 0.050264 0.053548
0 0.220068 0.561245 0.050828 0.048862
0 0.251600 0.620482 0.049134 0.051539
0 0.293863 0.653782 0.044428 0.062584
0 0.335467 0.681392 0.048193 0.052209
0 0.176299 0.464357 0.056288 0.035141
0 0.231739 0.497490 0.054217 0.040495
0 0.165569 0.433066 0.046122 0.028782
0 0.178181 0.391232 0.041980 0.041499
0 0.197289 0.412651 0.053464 0.027443
0 0.216303 0.443440 0.054593 0.038822
0 0.243694 0.444110 0.043486 0.032798
0 0.275508 0.438588 0.043110 0.034471
0 0.292451 0.546185 0.050264 0.039491
0 0.339514 0.598561 0.046498 0.044511
0 0.367376 0.638052 0.048005 0.037818
0 0.398343 0.702979 0.041792 0.063922
0 0.320407 0.460509 0.049322 0.034806
0 0.376788 0.496988 0.048758 0.042169
0 0.285109 0.401941 0.045745 0.035475
0 0.310900 0.413655 0.044992 0.034806
0 0.343938 0.407798 0.044804 0.039826
0 0.375000 0.449632 0.043298 0.043173
0 0.407003 0.452477 0.043298 0.040830
0 0.415757 0.513387 0.044616 0.038153
0 0.433170 0.473226 0.046687 0.037483
0 0.458396 0.504351 0.046687 0.042169
0 0.450113 0.554886 0.037274 0.059572
0 0.480610 0.530120 0.042169 0.048193
0 0.521649 0.547858 0.044428 0.055556
0 0.517602 0.594378 0.047628 0.047523
0 0.491999 0.577644 0.048005 0.049531
0 0.558453 0.594545 0.043863 0.052544
0 0.600809 0.630522 0.044992 0.052878
0 0.634695 0.663655 0.043486 0.052878
0 0.670651 0.675201 0.046875 0.055890
0 0.252730 0.347222 0.042357 0.041834
0 0.271555 0.339357 0.024285 0.061580
0 0.293298 0.339859 0.040663 0.033802
0 0.324454 0.330154 0.035580 0.055890
0 0.350056 0.327811 0.042357 0.043842
0 0.374718 0.300535 0.043863 0.040830
0 0.407285 0.312416 0.044992 0.039826
0 0.449360 0.298025 0.042545 0.036479
0 0.490681 0.284806 0.041604 0.034137
0 0.445595 0.366633 0.044428 0.041165
0 0.463197 0.351071 0.040098 0.043507
0 0.482869 0.339190 0.042169 0.051874
0 0.540192 0.442269 0.040098 0.042503
0 0.516002 0.400602 0.042922 0.038822
0 0.564383 0.440428 0.040663 0.038153
0 0.589514 0.439090 0.040098 0.039491
0 0.548193 0.350067 0.043675 0.031459
0 0.568430 0.365295 0.041227 0.031124
0 0.594597 0.367972 0.043110 0.030455
1 0.629518 0.358601 0.045557 0.023092
0 0.625471 0.455991 0.043486 0.039157
1 0.671969 0.353414 0.047628 0.020080
0 0.710561 0.347222 0.049511 0.030455
0 0.672157 0.423193 0.045369 0.037149
0 0.661615 0.457999 0.043486 0.052544
0 0.702090 0.480756 0.040474 0.051874
0 0.739646 0.506191 0.041792 0.045850
0 0.695783 0.424197 0.041039 0.037149
0 0.723174 0.417001 0.042357 0.034137
0 0.764872 0.455823 0.043675 0.042838
0 0.804688 0.475904 0.044616 0.037483
0 0.850998 0.490295 0.048381 0.034137
0 0.882154 0.511714 0.040286 0.036814
0 0.921404 0.519411 0.043486 0.038822
0 0.950584 0.536479 0.043486 0.034806
1 0.962444 0.423193 0.042357 0.035810
1 0.928370 0.428380 0.040851 0.037483
1 0.900697 0.404451 0.044992 0.021754
0 0.856269 0.404953 0.039721 0.038153
0 0.780120 0.403280 0.039157 0.042838
0 0.819465 0.389893 0.043298 0.034806
0 0.760354 0.351071 0.048569 0.028112
0 0.799134 0.349398 0.042545 0.034806
0 0.827466 0.354920 0.043486 0.033133
0 0.745294 0.379518 0.047440 0.029451
0 0.525979 0.278280 0.038780 0.040495
0 0.560806 0.275435 0.039533 0.030790
0 0.592244 0.281459 0.043298 0.030790
