0 0.963385 0.452644 0.035580 0.030455
0 0.941453 0.458166 0.035768 0.034806
0 0.913686 0.459170 0.037086 0.036145
0 0.901355 0.419511 0.034262 0.028447
0 0.885072 0.462015 0.039345 0.033133
0 0.848174 0.457664 0.041604 0.031794
0 0.880742 0.413487 0.036333 0.029786
0 0.862858 0.420348 0.042357 0.014726
0 0.844503 0.393742 0.030873 0.021754
0 0.816547 0.396084 0.033321 0.031124
0 0.789157 0.386379 0.039533 0.030455
0 0.807794 0.467035 0.041039 0.037818
0 0.828972 0.431058 0.037839 0.024766
0 0.791510 0.434404 0.039345 0.018742
0 0.772590 0.443440 0.040663 0.026104
0 0.762425 0.491968 0.038027 0.032129
0 0.767131 0.514056 0.040286 0.033467
0 0.729386 0.501004 0.035203 0.035475
0 0.722233 0.450134 0.040098 0.032798
0 0.745576 0.423193 0.040474 0.026439
0 0.750941 0.392570 0.035392 0.028112
0 0.711691 0.384705 0.036709 0.031124
0 0.697666 0.406961 0.040286 0.031459
0 0.675828 0.418173 0.034262 0.030455
0 0.697854 0.473394 0.038780 0.033133
0 0.664062 0.469880 0.039345 0.035475
0 0.695689 0.721553 0.032568 0.052878
0 0.667263 0.697289 0.035203 0.050535
0 0.654179 0.654786 0.039157 0.031794
0 0.629424 0.620817 0.042357 0.028782
0 0.594127 0.596386 0.039157 0.026774
0 0.629612 0.457329 0.035956 0.031124
0 0.610975 0.432564 0.035203 0.025100
0 0.654556 0.404786 0.033509 0.033802
0 0.639307 0.386714 0.036145 0.031124
0 0.618317 0.380522 0.036709 0.033467
0 0.602974 0.399766 0.036521 0.031124
0 0.594127 0.449297 0.032756 0.031124
0 0.574642 0.459003 0.035580 0.039157
0 0.562688 0.567436 0.038404 0.027778
0 0.532474 0.544009 0.036709 0.028447
0 0.511295 0.519076 0.033509 0.020080
0 0.548475 0.456158 0.035956 0.036814
0 0.558358 0.381024 0.039157 0.028447
0 0.535297 0.394076 0.034450 0.029786
0 0.527956 0.428213 0.032568 0.028447
0 0.513272 0.448628 0.032944 0.036479
0 0.486822 0.505355 0.036145 0.028112
0 0.507154 0.388220 0.036521 0.034137
0 0.474492 0.404953 0.036709 0.028112
0 0.458302 0.478581 0.032944 0.031459
0 0.519014 0.628514 0.036898 0.038822
0 0.495482 0.630187 0.027861 0.047523
0 0.517225 0.710341 0.034450 0.045850
0 0.503389 0.670348 0.037651 0.041499
0 0.463479 0.645080 0.031250 0.051874
0 0.433453 0.609940 0.033321 0.048527
0 0.475904 0.563253 0.037274 0.034806
0 0.483810 0.604418 0.037274 0.038822
0 0.454537 0.588855 0.034450 0.043173
0 0.453690 0.549029 0.035015 0.030455
0 0.426299 0.556058 0.032568 0.041834
0 0.400791 0.573293 0.031627 0.046185
0 0.434864 0.521754 0.039910 0.029451
0 0.441830 0.451640 0.033509 0.027108
0 0.437312 0.414659 0.037651 0.029451
0 0.420369 0.441767 0.035392 0.026774
0 0.402203 0.510710 0.036709 0.037483
0 0.392790 0.532631 0.034450 0.039157
0 0.372835 0.532296 0.028803 0.038487
0 0.381683 0.498159 0.037086 0.030455
0 0.383001 0.469712 0.036333 0.025770
0 0.350245 0.514893 0.029179 0.041165
0 0.401544 0.418842 0.038780 0.028447
0 0.333867 0.514726 0.034450 0.044177
0 0.302146 0.494980 0.030873 0.032798
0 0.278614 0.476573 0.028238 0.029451
0 0.315041 0.487115 0.029556 0.037149
0 0.330761 0.478581 0.030873 0.029451
0 0.365211 0.450134 0.032756 0.030120
0 0.326807 0.447289 0.032756 0.024431
0 0.368976 0.403614 0.034639 0.036814
0 0.339420 0.414324 0.028614 0.034806
0 0.359846 0.350736 0.037086 0.034806
0 0.323325 0.353414 0.034074 0.037483
0 0.297440 0.382363 0.038404 0.028447
0 0.305911 0.427711 0.031250 0.024766
0 0.300452 0.455321 0.038027 0.028447
0 0.314383 0.698126 0.037274 0.044177
0 0.280215 0.665997 0.035203 0.031459
0 0.259883 0.632697 0.036333 0.029116
0 0.230045 0.610442 0.032380 0.038822
0 0.201525 0.570114 0.042357 0.028447
0 0.165945 0.549364 0.041604 0.041165
0 0.128859 0.509538 0.040098 0.035810
0 0.060617 0.501506 0.041416 0.030455
0 0.111728 0.492805 0.038215 0.025770
0 0.116717 0.480254 0.042922 0.023427
0 0.160297 0.410643 0.031062 0.032798
0 0.154650 0.432062 0.034827 0.029451
0 0.187782 0.415663 0.037086 0.032798
0 0.226374 0.409806 0.038592 0.030455
0 0.284356 0.418173 0.030309 0.025100
0 0.272496 0.412985 0.035956 0.023427
0 0.256965 0.382363 0.042922 0.034471
