0 0.031062 0.359772 0.037651 0.036145
0 0.051111 0.367972 0.034827 0.043842
0 0.076619 0.384873 0.035768 0.040830
0 0.110034 0.395415 0.038215 0.039826
0 0.130836 0.422021 0.038404 0.049531
0 0.178181 0.465863 0.037086 0.050870
0 0.209714 0.484270 0.035768 0.046185
0 0.240776 0.494311 0.039910 0.042838
0 0.108434 0.302041 0.037651 0.035141
0 0.149473 0.296687 0.036145 0.030455
0 0.200866 0.292838 0.039157 0.027443
0 0.241529 0.276941 0.041039 0.027778
0 0.132059 0.310576 0.044239 0.029451
0 0.159639 0.358099 0.036521 0.041499
0 0.192959 0.362282 0.042545 0.044511
0 0.231739 0.367805 0.039157 0.040161
0 0.206702 0.396586 0.036521 0.046185
0 0.227221 0.401606 0.034639 0.044177
0 0.250000 0.425368 0.032380 0.042169
0 0.177146 0.332999 0.039157 0.027443
0 0.215173 0.348394 0.041416 0.024766
0 0.254989 0.469712 0.030309 0.039826
0 0.273814 0.498661 0.032191 0.050201
0 0.291039 0.508534 0.028614 0.057229
0 0.287086 0.265730 0.038780 0.033467
0 0.314006 0.265228 0.031627 0.033802
0 0.342244 0.255857 0.036145 0.033802
0 0.379989 0.256024 0.039345 0.031459
0 0.242941 0.322791 0.044239 0.033802
0 0.267508 0.307062 0.037651 0.035810
0 0.287651 0.309404 0.037651 0.037149
0 0.317395 0.521754 0.037651 0.065596
0 0.301487 0.344043 0.040098 0.036814
0 0.323419 0.340863 0.038027 0.031794
0 0.341020 0.322791 0.042357 0.024431
0 0.355233 0.304217 0.042922 0.030790
0 0.407285 0.297021 0.038968 0.031794
0 0.432888 0.269913 0.035203 0.030455
0 0.362764 0.336680 0.035392 0.029451
0 0.383189 0.345382 0.033321 0.034806
0 0.411615 0.343708 0.034827 0.024096
0 0.398908 0.374498 0.036898 0.038822
0 0.426393 0.374665 0.033133 0.033802
0 0.451054 0.370984 0.032756 0.028447
0 0.459714 0.406627 0.034262 0.033467
0 0.363705 0.416332 0.039910 0.044846
0 0.389025 0.415663 0.036709 0.046185
0 0.430346 0.442938 0.036898 0.041165
0 0.405215 0.445448 0.036333 0.041499
0 0.416980 0.497155 0.028238 0.059906
1 0.436559 0.526941 0.018825 0.061245
0 0.455102 0.556225 0.026544 0.058233
0 0.470350 0.575803 0.031062 0.065930
0 0.487764 0.610274 0.024096 0.068608
0 0.512048 0.628681 0.036145 0.057898
0 0.507624 0.681058 0.031062 0.068273
0 0.528426 0.738621 0.028614 0.081660
0 0.342338 0.573963 0.034074 0.062249
0 0.377071 0.607597 0.039533 0.055221
0 0.404085 0.637718 0.031062 0.057229
0 0.432417 0.665663 0.035768 0.054886
0 0.456325 0.710509 0.035768 0.057564
0 0.550734 0.807898 0.028050 0.074967
0 0.571160 0.862617 0.025979 0.079317
0 0.590361 0.922356 0.024849 0.071620
0 0.464985 0.284806 0.036145 0.040830
0 0.482963 0.271084 0.035956 0.037483
0 0.515154 0.260375 0.037839 0.039491
0 0.484187 0.417001 0.036145 0.034806
0 0.487952 0.387383 0.032756 0.024431
0 0.511483 0.391566 0.039533 0.033467
0 0.539251 0.407965 0.038215 0.027443
0 0.544616 0.427209 0.038404 0.026439
0 0.517508 0.445950 0.039910 0.041165
0 0.547063 0.478916 0.041416 0.038153
0 0.552617 0.517403 0.041604 0.046185
0 0.586314 0.524766 0.036709 0.043507
0 0.610128 0.563420 0.042169 0.053213
0 0.568524 0.449799 0.039910 0.037483
0 0.586032 0.465194 0.038027 0.055556
0 0.605798 0.492303 0.040286 0.042838
0 0.639025 0.538487 0.039721 0.049531
0 0.663498 0.568608 0.039345 0.046854
0 0.687312 0.612282 0.039157 0.051205
0 0.708678 0.637550 0.046498 0.052209
0 0.732304 0.683233 0.036898 0.049866
0 0.600904 0.407296 0.041039 0.040161
0 0.614081 0.425033 0.039533 0.041499
0 0.636201 0.441767 0.031062 0.044177
0 0.641755 0.399096 0.039157 0.037149
0 0.675828 0.405120 0.044428 0.033802
0 0.663498 0.436078 0.036333 0.050870
0 0.685994 0.437584 0.036898 0.047858
0 0.704537 0.486278 0.043863 0.044177
0 0.739552 0.527276 0.034827 0.057229
0 0.765813 0.558066 0.036898 0.057898
0 0.793016 0.585843 0.031438 0.065930
0 0.826619 0.617470 0.036898 0.052209
0 0.707172 0.400268 0.038592 0.038822
0 0.744352 0.407296 0.039157 0.037483
0 0.781438 0.410141 0.038404 0.040495
0 0.745011 0.378849 0.038968 0.036145
0 0.784356 0.378179 0.040851 0.037483
0 0.819089 0.373159 0.036898 0.041499
0 0.817206 0.448293 0.045557 0.047189
0 0.853727 0.382865 0.035015 0.041499
0 0.885542 0.375000 0.037651 0.047858
0 0.910768 0.387216 0.039533 0.041499
0 0.859657 0.438588 0.047252 0.043173
0 0.889025 0.450134 0.038592 0.033467
0 0.930346 0.453146 0.047440 0.032129
0 0.955666 0.433400 0.046498 0.027443
