0 0.439257 0.110693 0.037149 0.036898
0 0.458501 0.156721 0.030120 0.041227
0 0.491633 0.191453 0.032129 0.034639
0 0.504351 0.207549 0.032129 0.025038
0 0.462182 0.207831 0.032129 0.037274
0 0.511212 0.222609 0.037149 0.029932
0 0.515730 0.242564 0.044846 0.031062
0 0.483936 0.244070 0.037483 0.032944
0 0.517068 0.266566 0.036814 0.031627
0 0.471553 0.277579 0.023427 0.035956
0 0.476908 0.305252 0.025435 0.038968
0 0.502510 0.294616 0.027108 0.037274
0 0.536647 0.283321 0.035141 0.035768
0 0.529618 0.312688 0.027778 0.033886
0 0.557898 0.314947 0.033467 0.035768
0 0.579150 0.338008 0.039157 0.032944
0 0.506024 0.332455 0.030120 0.034639
0 0.532463 0.339797 0.038153 0.033509
0 0.518240 0.362575 0.025100 0.032380
0 0.530120 0.366246 0.030120 0.031815
0 0.592035 0.372929 0.040830 0.035015
0 0.622323 0.394108 0.041165 0.031815
0 0.637550 0.424605 0.044846 0.031062
0 0.677041 0.448513 0.042838 0.026544
0 0.701305 0.480045 0.039157 0.032380
0 0.562918 0.384319 0.041499 0.029179
0 0.531459 0.394484 0.027443 0.035580
0 0.564090 0.414062 0.037149 0.031062
0 0.604585 0.436276 0.033133 0.032191
0 0.548360 0.425828 0.026439 0.033509
0 0.504518 0.459620 0.027108 0.035580
0 0.571285 0.458302 0.033467 0.032944
0 0.631526 0.476845 0.040830 0.030497
0 0.664659 0.511201 0.041499 0.030309
0 0.688922 0.537274 0.041834 0.027108
0 0.692269 0.567959 0.037818 0.032756
0 0.722892 0.589891 0.034137 0.030309
0 0.571954 0.491152 0.026104 0.032756
0 0.589023 0.516849 0.030120 0.032191
0 0.596051 0.548381 0.028782 0.032756
0 0.523762 0.476845 0.032129 0.032003
0 0.527276 0.500941 0.036479 0.029744
0 0.524933 0.522120 0.034471 0.035956
0 0.527778 0.543863 0.035475 0.032003
0 0.547189 0.553558 0.033467 0.030309
0 0.499163 0.574266 0.027778 0.038215
0 0.518240 0.591020 0.029786 0.027673
0 0.543842 0.585373 0.031459 0.035956
0 0.536647 0.614458 0.040495 0.033509
0 0.555221 0.642508 0.029451 0.034262
0 0.505020 0.630930 0.021419 0.032568
0 0.483768 0.648438 0.025100 0.032568
0 0.515897 0.656250 0.027778 0.032756
0 0.543507 0.671969 0.030790 0.029932
0 0.513052 0.678934 0.020750 0.033697
0 0.520415 0.711032 0.023427 0.030497
0 0.557898 0.694465 0.039491 0.033886
0 0.554552 0.713291 0.036145 0.035768
0 0.478246 0.670745 0.029451 0.028238
0 0.479083 0.688347 0.021754 0.031062
0 0.474900 0.697289 0.024766 0.029744
0 0.465027 0.712914 0.026439 0.030873
0 0.535475 0.736069 0.034806 0.032003
0 0.539993 0.767696 0.029116 0.032380
0 0.551372 0.797910 0.029116 0.034450
0 0.462015 0.749718 0.027778 0.037462
0 0.426539 0.737105 0.030455 0.034827
0 0.416499 0.755742 0.027778 0.027297
0 0.414993 0.775979 0.034137 0.033133
0 0.454317 0.783697 0.028447 0.032003
0 0.417001 0.803840 0.032129 0.034262
0 0.442771 0.814571 0.022758 0.031250
0 0.389893 0.830102 0.026774 0.034074
0 0.432564 0.844785 0.029786 0.030685
0 0.393574 0.860975 0.033467 0.035580
0 0.413487 0.862293 0.029786 0.033321
0 0.379351 0.884507 0.032463 0.038215
0 0.375502 0.909450 0.034806 0.030873
0 0.371988 0.924605 0.038487 0.031062
