0 0.905873 0.435743 0.043675 0.044177
0 0.871800 0.448628 0.044428 0.043842
0 0.841585 0.453815 0.043863 0.038822
0 0.875753 0.620147 0.053464 0.048193
0 0.845256 0.582497 0.050452 0.034471
0 0.810617 0.585007 0.050828 0.048862
0 0.774849 0.549029 0.053087 0.039826
0 0.772026 0.489458 0.047816 0.034471
0 0.797628 0.430556 0.049322 0.033802
0 0.756306 0.445783 0.039345 0.045515
0 0.725998 0.444612 0.041227 0.040495
0 0.729669 0.412818 0.045181 0.037149
0 0.726751 0.556225 0.047628 0.044177
0 0.692395 0.522088 0.049699 0.046854
0 0.704160 0.475234 0.050640 0.035475
0 0.698889 0.414157 0.040098 0.040495
0 0.663592 0.423025 0.045934 0.037483
0 0.684959 0.573795 0.051017 0.039826
0 0.652673 0.528280 0.044051 0.049197
0 0.654273 0.576138 0.048381 0.043842
0 0.625753 0.536981 0.041792 0.039826
0 0.626600 0.439424 0.041227 0.040830
0 0.596291 0.446118 0.041980 0.041499
0 0.606739 0.510710 0.048946 0.040830
0 0.614081 0.568775 0.045934 0.039826
0 0.578878 0.559572 0.044428 0.040830
0 0.561935 0.480756 0.038404 0.033133
0 0.542733 0.556727 0.037274 0.034471
0 0.516849 0.555723 0.040851 0.038487
0 0.541416 0.430556 0.046310 0.035810
0 0.529367 0.468876 0.041039 0.036814
0 0.509789 0.457831 0.041792 0.035475
0 0.501694 0.433568 0.045934 0.031124
0 0.489364 0.405455 0.046875 0.031794
0 0.491623 0.474900 0.041604 0.038822
0 0.490305 0.532965 0.045369 0.037818
0 0.466114 0.550201 0.048946 0.036145
0 0.456984 0.451138 0.041980 0.051539
0 0.456137 0.423360 0.052334 0.039491
0 0.562688 0.464190 0.039157 0.031459
0 0.444654 0.541165 0.042545 0.038822
0 0.423287 0.536145 0.040851 0.028782
0 0.399661 0.546185 0.047440 0.032798
0 0.412651 0.463353 0.046310 0.040495
0 0.419239 0.421185 0.044051 0.043842
0 0.388084 0.464023 0.033697 0.039157
0 0.370576 0.488454 0.046875 0.051205
0 0.355610 0.464859 0.040663 0.033467
0 0.337632 0.482764 0.040098 0.037818
0 0.322007 0.494813 0.039345 0.044511
0 0.299134 0.554719 0.045557 0.038487
0 0.289157 0.503849 0.038027 0.035810
0 0.283415 0.492135 0.044616 0.039826
0 0.252071 0.510375 0.040663 0.032129
0 0.270802 0.526104 0.044239 0.034137
0 0.265060 0.561914 0.047440 0.034806
0 0.224586 0.545683 0.041792 0.047858
0 0.202372 0.561747 0.045557 0.037149
0 0.167357 0.547189 0.041792 0.045515
0 0.134224 0.534973 0.053087 0.041834
0 0.119070 0.530288 0.040474 0.034471
0 0.083773 0.542169 0.047440 0.040830
0 0.060806 0.541165 0.046310 0.035475
