0 0.424531 0.068618 0.045181 0.063441
0 0.438755 0.105798 0.048193 0.047063
0 0.433568 0.143072 0.041834 0.046310
0 0.376506 0.152014 0.046854 0.044239
0 0.371653 0.190418 0.038487 0.044992
0 0.332999 0.222609 0.044846 0.051393
0 0.347892 0.259789 0.039826 0.048193
0 0.328146 0.303558 0.041834 0.044616
0 0.314926 0.341397 0.040830 0.039721
0 0.283969 0.370764 0.049197 0.049134
0 0.402945 0.278332 0.036814 0.038592
0 0.406961 0.294992 0.032798 0.042169
0 0.407798 0.328219 0.035810 0.041980
0 0.403112 0.365117 0.045850 0.041604
0 0.378514 0.404932 0.038822 0.044051
0 0.385877 0.441171 0.048193 0.043863
0 0.371653 0.479292 0.045181 0.045181
0 0.375669 0.515154 0.047858 0.044616
0 0.426874 0.476845 0.039157 0.048193
0 0.430723 0.520143 0.042838 0.043675
0 0.408969 0.559017 0.036145 0.044239
0 0.423360 0.591209 0.046185 0.047252
0 0.420181 0.632154 0.036479 0.041792
0 0.501673 0.675734 0.044177 0.042733
0 0.521084 0.715644 0.047523 0.039345
0 0.553882 0.755177 0.039491 0.043110
0 0.584170 0.798287 0.046519 0.040098
0 0.629351 0.827843 0.043842 0.037839
0 0.494478 0.792733 0.043842 0.043675
0 0.508367 0.840079 0.044846 0.044616
0 0.510542 0.881871 0.037149 0.040474
0 0.517905 0.924134 0.044511 0.039157
0 0.522758 0.959055 0.040161 0.038592
