0 0.914439 0.369478 0.037086 0.033467
0 0.901261 0.397758 0.036709 0.037818
0 0.862293 0.405790 0.038215 0.037149
0 0.839044 0.436412 0.036898 0.038822
0 0.934582 0.569612 0.039345 0.032129
0 0.903144 0.549699 0.034827 0.041165
0 0.871423 0.552544 0.036898 0.038822
0 0.835184 0.535308 0.036333 0.039826
0 0.797252 0.538989 0.041039 0.029116
0 0.798663 0.510207 0.042733 0.032463
0 0.807605 0.425368 0.036145 0.032798
0 0.787556 0.439926 0.039345 0.038487
0 0.771931 0.468373 0.037839 0.033802
0 0.743035 0.457831 0.039910 0.038153
0 0.771931 0.497155 0.038968 0.027778
1 0.757530 0.533802 0.039533 0.030790
0 0.707925 0.667169 0.038215 0.051205
1 0.674040 0.639391 0.040474 0.043173
0 0.638366 0.637885 0.041792 0.038153
0 0.598456 0.614960 0.039910 0.041834
0 0.731739 0.544511 0.038027 0.030120
0 0.703313 0.544177 0.041039 0.030120
0 0.679123 0.546687 0.045745 0.028447
0 0.734093 0.499498 0.035956 0.026439
0 0.701148 0.497825 0.036709 0.025770
0 0.708208 0.394244 0.036521 0.028112
0 0.673946 0.401941 0.037274 0.037483
0 0.642131 0.424364 0.036521 0.034806
0 0.654932 0.494980 0.038404 0.032129
0 0.633754 0.526439 0.040474 0.030120
0 0.611258 0.511379 0.036898 0.028782
0 0.609281 0.432564 0.034450 0.043173
0 0.560335 0.599732 0.037839 0.037483
0 0.554123 0.562918 0.040098 0.033467
0 0.591397 0.495984 0.037839 0.034806
0 0.578596 0.501339 0.037462 0.038153
0 0.554123 0.499833 0.037086 0.024431
0 0.572477 0.446620 0.036521 0.039157
0 0.536521 0.459337 0.036521 0.039157
0 0.536709 0.541332 0.039533 0.030455
0 0.517602 0.551874 0.039345 0.041499
0 0.498588 0.567771 0.034827 0.032463
0 0.477504 0.567269 0.034074 0.038822
0 0.461126 0.560074 0.038968 0.037818
0 0.518449 0.494478 0.036145 0.033802
0 0.492846 0.504183 0.038780 0.030455
0 0.469032 0.500000 0.037839 0.042838
0 0.450772 0.482932 0.034074 0.037483
0 0.432135 0.479752 0.032191 0.037818
0 0.417263 0.504016 0.038592 0.034806
0 0.499341 0.372992 0.033321 0.029786
0 0.479104 0.372323 0.030497 0.028447
0 0.457078 0.396252 0.032380 0.039491
0 0.431382 0.399933 0.034074 0.039491
0 0.426017 0.429719 0.034639 0.029451
0 0.412933 0.451473 0.038592 0.028112
0 0.385730 0.474900 0.036898 0.031459
0 0.360599 0.503347 0.037086 0.028112
0 0.399002 0.428882 0.031815 0.041165
0 0.394578 0.414491 0.029367 0.040495
0 0.368788 0.429050 0.037274 0.045515
0 0.367470 0.416667 0.033886 0.036145
0 0.355233 0.473728 0.041416 0.037818
0 0.326995 0.543340 0.038027 0.031794
0 0.326995 0.483434 0.034262 0.040495
0 0.345350 0.434070 0.033697 0.040830
0 0.320407 0.435408 0.036521 0.034806
0 0.310994 0.469880 0.033133 0.042838
0 0.295651 0.465696 0.034827 0.047189
1 0.283980 0.489793 0.040851 0.033802
0 0.296122 0.534137 0.041039 0.025435
0 0.271555 0.535810 0.031815 0.028112
0 0.255177 0.524096 0.030685 0.036814
0 0.285768 0.455991 0.036145 0.039826
0 0.251600 0.464357 0.039345 0.031124
0 0.243035 0.496151 0.042922 0.038487
0 0.250753 0.539491 0.039910 0.024766
0 0.219503 0.550368 0.038027 0.034471
0 0.194371 0.543173 0.033321 0.034806
0 0.219409 0.483936 0.033697 0.037483
0 0.191265 0.485776 0.040663 0.032463
0 0.183170 0.500167 0.032003 0.033133
0 0.168769 0.488788 0.035956 0.029786
0 0.157662 0.543173 0.038592 0.030120
0 0.121423 0.523762 0.039533 0.038822
0 0.091303 0.532965 0.040286 0.026439
