0 0.417169 0.065700 0.037149 0.039910
0 0.426874 0.104104 0.029786 0.036145
0 0.424029 0.133283 0.033467 0.039157
0 0.441934 0.156532 0.034471 0.039345
1 0.463019 0.167545 0.019076 0.037651
1 0.469712 0.192489 0.027108 0.041227
0 0.490797 0.206043 0.027108 0.039345
0 0.509203 0.197760 0.032463 0.036709
0 0.509705 0.227221 0.038822 0.033886
0 0.556894 0.247270 0.037483 0.034450
0 0.520248 0.259883 0.033802 0.035203
0 0.516399 0.299793 0.026104 0.038215
0 0.554384 0.293675 0.040495 0.036145
0 0.576305 0.283415 0.036814 0.033697
0 0.559404 0.322572 0.030455 0.032944
0 0.538487 0.319277 0.030790 0.033133
0 0.605589 0.324266 0.035810 0.032944
0 0.583166 0.349868 0.029116 0.033321
0 0.551707 0.348362 0.037149 0.033321
0 0.537316 0.372835 0.032463 0.034074
0 0.558568 0.371800 0.032798 0.032756
0 0.602410 0.384319 0.029451 0.034074
0 0.623661 0.355798 0.037818 0.035392
0 0.639893 0.386860 0.038153 0.031627
0 0.624498 0.412933 0.032798 0.034074
0 0.649096 0.422910 0.027778 0.034450
0 0.528447 0.390343 0.032798 0.034074
0 0.536312 0.412651 0.037818 0.031250
0 0.585174 0.402861 0.037149 0.037651
0 0.557062 0.437782 0.031794 0.034450
0 0.591700 0.437406 0.035475 0.033697
0 0.569612 0.457455 0.039491 0.033133
0 0.559572 0.473645 0.039491 0.037651
0 0.609270 0.461691 0.032463 0.032568
0 0.610274 0.493129 0.027778 0.033697
0 0.626841 0.516002 0.026774 0.030120
0 0.638554 0.541227 0.028782 0.033509
0 0.539993 0.484187 0.027778 0.033886
0 0.547858 0.505553 0.033467 0.031062
0 0.574130 0.504236 0.035141 0.035580
0 0.585509 0.534450 0.041834 0.036521
0 0.604418 0.558170 0.036145 0.032756
0 0.607262 0.582172 0.037149 0.032568
0 0.545181 0.521931 0.029451 0.032191
0 0.539157 0.543769 0.034806 0.034827
0 0.549699 0.574548 0.034471 0.034262
0 0.540663 0.599303 0.032463 0.034450
0 0.561078 0.625188 0.031794 0.032756
0 0.561245 0.651638 0.032798 0.029556
0 0.571787 0.687877 0.034471 0.037274
0 0.504853 0.601092 0.027778 0.036521
0 0.516901 0.620953 0.033802 0.031815
0 0.498327 0.644202 0.026104 0.036521
0 0.540328 0.650320 0.027778 0.034074
0 0.538655 0.670651 0.028447 0.029932
0 0.495147 0.669898 0.024431 0.035203
0 0.533802 0.689947 0.022758 0.032756
0 0.498327 0.699642 0.026104 0.035956
0 0.531627 0.720915 0.028447 0.033697
0 0.500837 0.730516 0.028447 0.033697
0 0.532965 0.752730 0.027108 0.034827
0 0.499665 0.761672 0.028112 0.036898
0 0.506024 0.789439 0.031459 0.031438
0 0.536479 0.791133 0.032129 0.035203
0 0.510040 0.818148 0.023427 0.033133
0 0.536647 0.819465 0.026439 0.033509
0 0.534304 0.849680 0.028447 0.035956
0 0.524766 0.867658 0.032129 0.038780
