0 0.931099 0.408300 0.039910 0.040830
0 0.894390 0.403614 0.047440 0.052209
0 0.854575 0.409137 0.048381 0.037818
0 0.794616 0.484605 0.051958 0.046185
0 0.822007 0.414324 0.050640 0.036814
0 0.820030 0.369813 0.053087 0.032129
0 0.766190 0.387048 0.051958 0.043842
0 0.768355 0.428715 0.052523 0.027443
0 0.741999 0.484438 0.052899 0.045850
0 0.684488 0.480589 0.056099 0.050870
0 0.712914 0.430221 0.051958 0.031794
0 0.706419 0.394746 0.057041 0.031124
0 0.626883 0.493809 0.057229 0.043842
0 0.654650 0.421352 0.056288 0.054217
0 0.602410 0.415997 0.056099 0.032129
0 0.571536 0.473226 0.057605 0.050870
0 0.566265 0.384873 0.056476 0.042838
0 0.525226 0.405455 0.049322 0.039826
0 0.504330 0.479250 0.059488 0.044177
0 0.461785 0.534973 0.058735 0.040495
0 0.400038 0.542671 0.064383 0.033802
0 0.415474 0.512718 0.064006 0.028112
0 0.342244 0.535810 0.055346 0.032798
0 0.290474 0.521419 0.058735 0.034137
0 0.353727 0.499833 0.054970 0.035810
0 0.482492 0.405957 0.051205 0.045515
0 0.433923 0.431058 0.053464 0.047523
0 0.376506 0.438755 0.059488 0.048862
0 0.298758 0.489960 0.059864 0.028782
0 0.231551 0.510375 0.053087 0.045515
0 0.193430 0.500000 0.054782 0.050201
0 0.067865 0.536312 0.050264 0.063922
0 0.023249 0.505689 0.046122 0.066265
