0 0.907568 0.418842 0.032380 0.035141
0 0.882248 0.414491 0.035580 0.035141
0 0.854104 0.411647 0.039157 0.042838
0 0.852974 0.488454 0.045934 0.042503
0 0.822854 0.506693 0.043675 0.034806
0 0.819654 0.407296 0.042545 0.033467
0 0.788686 0.423862 0.043486 0.039157
0 0.786615 0.485442 0.038592 0.031794
0 0.781909 0.503681 0.035956 0.027443
0 0.753671 0.502008 0.044616 0.033467
0 0.751694 0.411145 0.044804 0.034471
0 0.737199 0.369645 0.039910 0.039157
0 0.712349 0.356426 0.038780 0.028782
0 0.717432 0.438922 0.034639 0.041165
0 0.698607 0.446620 0.038780 0.039157
0 0.712255 0.487952 0.041980 0.037483
0 0.676017 0.425703 0.043298 0.030790
0 0.687594 0.500502 0.042357 0.033802
0 0.673946 0.610944 0.040286 0.043173
0 0.635448 0.591867 0.041604 0.042503
0 0.657474 0.501673 0.043486 0.036145
0 0.674887 0.359605 0.034262 0.028447
0 0.640531 0.363788 0.039345 0.029451
0 0.634036 0.476908 0.035768 0.024096
0 0.632154 0.490629 0.032756 0.024096
0 0.607492 0.563922 0.042922 0.044846
0 0.564477 0.559070 0.042357 0.039157
0 0.607681 0.474398 0.035768 0.036479
0 0.602880 0.366466 0.036709 0.034137
0 0.564665 0.374833 0.039345 0.032129
0 0.542075 0.381359 0.033321 0.031124
0 0.584055 0.457329 0.037086 0.033133
0 0.563724 0.479752 0.041227 0.037818
0 0.523626 0.409639 0.034450 0.030790
0 0.505083 0.387885 0.034262 0.034806
0 0.534262 0.523427 0.041792 0.050201
0 0.506306 0.669679 0.040098 0.053548
0 0.485881 0.627175 0.043675 0.048193
0 0.447383 0.623494 0.041227 0.049531
0 0.418016 0.595047 0.041980 0.050870
0 0.501412 0.505522 0.034450 0.035810
0 0.482116 0.519913 0.037274 0.034471
0 0.479669 0.481258 0.040286 0.040161
0 0.450584 0.482430 0.041980 0.035141
0 0.425452 0.495482 0.044804 0.037149
0 0.477598 0.399264 0.032380 0.035475
0 0.458961 0.406292 0.033509 0.038153
0 0.442583 0.412651 0.042545 0.035475
0 0.427146 0.446620 0.039533 0.035141
0 0.408791 0.456158 0.041227 0.043507
0 0.388554 0.442604 0.043298 0.030455
0 0.384883 0.590027 0.042733 0.052209
0 0.359940 0.566432 0.045557 0.037149
0 0.354763 0.498494 0.043486 0.035810
0 0.360787 0.456493 0.040098 0.037483
0 0.322007 0.453481 0.047252 0.033467
0 0.334808 0.522088 0.046875 0.041499
0 0.328313 0.548862 0.034262 0.030120
0 0.308170 0.533635 0.032380 0.034471
0 0.310617 0.494645 0.046310 0.032129
0 0.291510 0.533635 0.041604 0.034471
0 0.284827 0.501673 0.042545 0.030120
0 0.283886 0.466533 0.045181 0.040161
0 0.257812 0.456660 0.037086 0.029116
0 0.237293 0.465696 0.036709 0.030455
0 0.247270 0.522423 0.051393 0.033467
0 0.204913 0.520080 0.043110 0.044846
0 0.177240 0.509203 0.044239 0.041834
0 0.145425 0.515562 0.038215 0.033802
0 0.115117 0.499498 0.045745 0.040495
0 0.084337 0.511379 0.039910 0.029451
