0 0.032568 0.426037 0.039910 0.037483
0 0.059017 0.443608 0.038592 0.024431
0 0.077184 0.448795 0.039157 0.031459
0 0.104010 0.449799 0.038215 0.049531
0 0.126600 0.445616 0.045745 0.034471
0 0.182417 0.443106 0.048193 0.033467
0 0.218468 0.442102 0.046498 0.050870
0 0.256777 0.463186 0.045181 0.040830
0 0.291886 0.467537 0.041604 0.043507
0 0.321630 0.476071 0.044239 0.040495
0 0.357492 0.482095 0.043298 0.030455
0 0.044804 0.379016 0.039910 0.035810
0 0.062218 0.375335 0.037086 0.036479
1 0.082925 0.358266 0.040098 0.029116
0 0.112199 0.362282 0.039533 0.035141
0 0.128294 0.320281 0.041227 0.044177
0 0.163968 0.307062 0.039157 0.043173
0 0.192771 0.290830 0.035768 0.036814
0 0.230798 0.273092 0.042169 0.044177
0 0.275508 0.260040 0.038968 0.033467
0 0.323701 0.241801 0.043863 0.029116
0 0.354951 0.241633 0.036709 0.040161
0 0.382059 0.238956 0.038968 0.034806
0 0.411521 0.239458 0.044051 0.024431
0 0.090926 0.349732 0.038404 0.028782
0 0.225151 0.383869 0.043298 0.028112
0 0.243788 0.340361 0.037651 0.029451
0 0.285297 0.413822 0.039345 0.042503
0 0.296122 0.415495 0.032756 0.041834
0 0.322195 0.424699 0.036333 0.043507
0 0.262048 0.352242 0.043675 0.029116
0 0.289251 0.315763 0.044239 0.024431
0 0.319559 0.278949 0.039721 0.031124
0 0.288780 0.363788 0.040286 0.024096
0 0.329255 0.368809 0.041792 0.028782
0 0.350621 0.390060 0.038592 0.030455
0 0.374435 0.381861 0.038027 0.038153
0 0.390813 0.426372 0.037651 0.046185
0 0.378106 0.459505 0.036709 0.048862
0 0.407568 0.475736 0.041039 0.040495
0 0.386389 0.318106 0.041604 0.030455
0 0.347233 0.340027 0.041980 0.030120
0 0.367846 0.333166 0.041039 0.033802
0 0.307605 0.311078 0.038027 0.027108
0 0.274002 0.330489 0.038592 0.025100
0 0.410956 0.328983 0.035768 0.049531
0 0.422440 0.314926 0.034262 0.030790
0 0.476280 0.303882 0.037274 0.031459
0 0.447760 0.296687 0.038592 0.033802
0 0.449172 0.400100 0.037274 0.045850
0 0.470350 0.513052 0.032191 0.050870
0 0.496235 0.530790 0.031627 0.052878
0 0.488799 0.490797 0.040098 0.035141
0 0.452843 0.460007 0.043486 0.027778
0 0.409639 0.431225 0.042922 0.033133
0 0.434770 0.439592 0.038592 0.023762
0 0.525885 0.524598 0.039345 0.037818
0 0.525508 0.552711 0.038968 0.045181
0 0.550358 0.554217 0.043486 0.030120
0 0.567959 0.581493 0.037274 0.036479
0 0.442206 0.494980 0.038780 0.044177
0 0.483057 0.410308 0.041039 0.044177
0 0.516096 0.423360 0.031438 0.043507
0 0.546310 0.434404 0.039910 0.049531
0 0.506589 0.351740 0.038027 0.042169
0 0.522967 0.368474 0.032756 0.036145
0 0.539816 0.374163 0.037839 0.023427
0 0.586502 0.368976 0.042357 0.033133
0 0.559394 0.383534 0.037462 0.030790
0 0.582455 0.394746 0.040663 0.033802
0 0.599586 0.409471 0.039533 0.034471
0 0.625941 0.402443 0.035768 0.024431
0 0.653709 0.407296 0.038592 0.024096
0 0.689194 0.406794 0.038780 0.029116
0 0.721574 0.406124 0.038404 0.035141
0 0.629706 0.375837 0.044428 0.032798
0 0.651826 0.349230 0.042733 0.041165
0 0.685523 0.359605 0.042357 0.039826
0 0.716209 0.343206 0.040474 0.037149
0 0.745858 0.339190 0.040286 0.038487
0 0.142508 0.485776 0.042169 0.053213
0 0.352786 0.444444 0.035015 0.047523
0 0.589797 0.613286 0.039157 0.050535
0 0.599303 0.506526 0.028803 0.057229
0 0.617470 0.519913 0.025226 0.058568
0 0.642131 0.542001 0.028991 0.047858
0 0.652673 0.585676 0.022967 0.056894
0 0.667639 0.612952 0.021273 0.065261
0 0.687971 0.635375 0.028803 0.062584
0 0.717903 0.684572 0.033321 0.062584
0 0.745953 0.730924 0.034827 0.063588
0 0.773343 0.775435 0.035392 0.070950
0 0.806005 0.812082 0.028803 0.070616
0 0.829066 0.844880 0.030497 0.063922
1 0.697948 0.530120 0.039721 0.036814
0 0.703502 0.557731 0.039910 0.042503
0 0.717997 0.605422 0.032003 0.058902
0 0.770237 0.641064 0.035956 0.053213
0 0.807605 0.694946 0.041039 0.052544
0 0.835749 0.752175 0.037086 0.059237
0 0.860787 0.785977 0.044239 0.050535
0 0.881777 0.832162 0.046310 0.044511
0 0.892790 0.872657 0.041980 0.057898
0 0.757248 0.415997 0.040851 0.032129
0 0.783415 0.425201 0.043110 0.033802
0 0.811182 0.442436 0.040286 0.030120
0 0.756024 0.537985 0.038780 0.044511
1 0.863893 0.561747 0.034639 0.038487
0 0.779932 0.555556 0.034639 0.044177
0 0.806099 0.561747 0.036521 0.036479
0 0.833678 0.569110 0.029932 0.043842
0 0.954631 0.567604 0.037274 0.030790
0 0.968373 0.594880 0.037651 0.034471
0 0.903144 0.571452 0.038968 0.039826
0 0.924322 0.588688 0.041039 0.040830
0 0.519202 0.304384 0.039910 0.030455
0 0.558641 0.312082 0.040474 0.035810
0 0.585843 0.305054 0.040663 0.033802
0 0.610881 0.301205 0.037274 0.033467
0 0.634507 0.288153 0.042733 0.020750
0 0.231175 0.363119 0.035768 0.019411
0 0.256212 0.378514 0.038780 0.025435
