0 0.394578 0.051675 0.028782 0.038592
0 0.405957 0.103069 0.033467 0.039345
0 0.404618 0.137236 0.029451 0.037274
0 0.434070 0.157097 0.035475 0.036709
0 0.454485 0.168392 0.036145 0.026920
0 0.402778 0.181570 0.035141 0.038215
0 0.453313 0.187782 0.039157 0.033697
0 0.407129 0.216303 0.026439 0.035768
1 0.434739 0.208114 0.034806 0.031438
0 0.436580 0.235787 0.028447 0.032568
0 0.452477 0.236069 0.021419 0.032380
0 0.399933 0.251224 0.022088 0.038968
0 0.433902 0.259036 0.028447 0.034639
0 0.456493 0.258471 0.033467 0.035392
0 0.415830 0.286239 0.029116 0.041604
0 0.459337 0.278709 0.031794 0.035580
0 0.490462 0.293863 0.025770 0.032380
0 0.445783 0.306664 0.028782 0.035768
0 0.485107 0.309959 0.027108 0.032568
0 0.427544 0.322760 0.031124 0.038215
0 0.463855 0.335655 0.033467 0.033509
0 0.487450 0.330572 0.031794 0.033886
0 0.518240 0.337067 0.035141 0.029179
0 0.477577 0.345821 0.020750 0.025602
0 0.409639 0.365399 0.027443 0.036898
0 0.440428 0.375659 0.028782 0.031815
0 0.471888 0.366905 0.034137 0.033133
0 0.485776 0.392884 0.028447 0.032756
0 0.537651 0.381212 0.021754 0.030497
0 0.553548 0.395331 0.024766 0.035392
0 0.560074 0.420840 0.024431 0.032568
0 0.455991 0.410486 0.023762 0.035203
0 0.417001 0.400414 0.033467 0.035015
0 0.586847 0.433076 0.037149 0.028803
0 0.483768 0.420840 0.031794 0.031815
0 0.410308 0.430441 0.034137 0.036709
0 0.448963 0.445595 0.027778 0.033133
0 0.485609 0.441359 0.034137 0.034827
0 0.413822 0.456890 0.032463 0.032756
0 0.399933 0.480610 0.033467 0.033886
0 0.434237 0.474398 0.031124 0.034262
0 0.582664 0.455761 0.034137 0.028614
0 0.550535 0.472703 0.032798 0.032756
0 0.589023 0.483057 0.024766 0.030873
0 0.427041 0.507059 0.028782 0.034450
0 0.416834 0.529462 0.026439 0.034827
0 0.413822 0.554593 0.023092 0.032003
1 0.535141 0.490870 0.034806 0.031438
0 0.513387 0.507342 0.029451 0.032756
0 0.606091 0.504047 0.032129 0.031815
0 0.516064 0.522967 0.026774 0.031627
0 0.610442 0.532850 0.028112 0.029932
0 0.514056 0.550169 0.023427 0.034450
0 0.561580 0.553558 0.030790 0.033697
0 0.577811 0.573419 0.032463 0.029367
0 0.521586 0.575489 0.033133 0.034262
1 0.625502 0.563535 0.027443 0.035203
0 0.631191 0.588102 0.022088 0.031250
0 0.643909 0.610128 0.027443 0.032756
0 0.561747 0.598080 0.036479 0.032756
0 0.574130 0.594785 0.033802 0.031438
0 0.511212 0.607210 0.032463 0.034827
0 0.510542 0.635542 0.038487 0.029367
0 0.562584 0.618035 0.034806 0.033133
0 0.570950 0.638272 0.031459 0.034827
1 0.580656 0.646649 0.028112 0.030873
0 0.564926 0.663968 0.033467 0.036145
0 0.498829 0.662368 0.031794 0.029556
0 0.507028 0.690606 0.024766 0.036709
0 0.527443 0.676864 0.022088 0.033321
0 0.572289 0.690324 0.032798 0.036145
0 0.536479 0.697666 0.029451 0.031250
0 0.539659 0.717244 0.031124 0.032003
0 0.569779 0.715738 0.024431 0.025979
0 0.566098 0.726374 0.027778 0.030685
0 0.585843 0.737764 0.030455 0.033133
0 0.565094 0.746329 0.020415 0.030309
0 0.558568 0.766284 0.024096 0.031438
0 0.578983 0.764778 0.026774 0.034827
0 0.520415 0.738611 0.028782 0.034450
0 0.517570 0.764778 0.024431 0.032568
0 0.521252 0.789251 0.033133 0.033697
1 0.550033 0.798475 0.028447 0.032568
0 0.550201 0.824360 0.026774 0.032003
0 0.508869 0.820877 0.023762 0.033321
0 0.515060 0.848645 0.031459 0.031250
0 0.504685 0.878859 0.022758 0.033321
0 0.542838 0.856457 0.026104 0.034074
0 0.536145 0.878765 0.024096 0.034639
0 0.514726 0.904462 0.029451 0.041227
0 0.521921 0.913968 0.026439 0.033509
0 0.500502 0.920840 0.027778 0.029179
