0 0.053370 0.490295 0.041604 0.034137
0 0.071913 0.470214 0.040663 0.028782
0 0.090832 0.486613 0.042357 0.036145
0 0.102316 0.411814 0.039721 0.033802
0 0.150979 0.413655 0.038404 0.037483
0 0.127918 0.448963 0.035580 0.031124
0 0.153803 0.451305 0.039533 0.029116
0 0.158038 0.479752 0.040098 0.029116
0 0.187029 0.452979 0.040851 0.027778
0 0.185617 0.408969 0.041039 0.033467
0 0.218373 0.432229 0.039910 0.028447
0 0.222327 0.442771 0.036898 0.028112
0 0.246800 0.430054 0.034639 0.031459
1 0.271178 0.431058 0.036333 0.024766
1 0.298569 0.438086 0.042545 0.025435
0 0.232681 0.521419 0.041039 0.044177
0 0.201054 0.518072 0.036521 0.045515
0 0.173099 0.505355 0.035956 0.031459
0 0.268072 0.552544 0.046310 0.036814
0 0.315606 0.576807 0.044992 0.040495
0 0.343185 0.597892 0.039533 0.035141
1 0.375282 0.598059 0.037839 0.040161
0 0.399567 0.606928 0.041604 0.041165
1 0.369635 0.511379 0.034827 0.056225
1 0.332361 0.466867 0.038592 0.030120
0 0.407097 0.555723 0.028050 0.048527
0 0.433547 0.582162 0.030873 0.044511
0 0.457078 0.605756 0.031627 0.047523
0 0.481081 0.630857 0.032944 0.054217
0 0.499623 0.625000 0.031250 0.057229
0 0.531909 0.670348 0.026544 0.056894
0 0.461220 0.580154 0.038027 0.041165
0 0.442018 0.542503 0.038780 0.031459
0 0.424416 0.511212 0.036333 0.036479
0 0.399285 0.511546 0.028238 0.052544
1 0.607022 0.751841 0.038968 0.051874
0 0.578596 0.740629 0.029556 0.063588
0 0.559770 0.702142 0.031815 0.060241
0 0.339985 0.439926 0.033133 0.032463
1 0.358622 0.450636 0.036898 0.025770
0 0.385542 0.454652 0.035015 0.041165
0 0.393637 0.407296 0.037651 0.036814
0 0.365211 0.394244 0.034262 0.031459
0 0.320124 0.418675 0.032944 0.033467
0 0.309864 0.405120 0.038780 0.032463
0 0.286333 0.402108 0.030120 0.029116
0 0.240023 0.328313 0.036898 0.032129
0 0.266943 0.327142 0.032380 0.028447
1 0.292733 0.326640 0.033509 0.026104
0 0.278426 0.371319 0.033133 0.031794
0 0.247929 0.351071 0.033886 0.024096
0 0.305346 0.356928 0.038404 0.023092
0 0.313818 0.380020 0.035015 0.029116
0 0.340738 0.372155 0.036898 0.030790
0 0.375847 0.365964 0.038968 0.033802
0 0.340361 0.333835 0.040286 0.025100
0 0.310335 0.336011 0.035956 0.025435
0 0.408980 0.331325 0.039345 0.023427
0 0.445312 0.328146 0.038968 0.026439
0 0.481457 0.326975 0.037462 0.024766
1 0.442865 0.429384 0.032944 0.037483
1 0.468562 0.433568 0.037651 0.029786
0 0.416980 0.395582 0.038027 0.027443
0 0.436653 0.385542 0.032568 0.022088
0 0.459902 0.370315 0.037274 0.023092
0 0.428276 0.354752 0.033133 0.023427
0 0.505459 0.329485 0.033133 0.028447
0 0.526920 0.329819 0.032756 0.024431
0 0.477127 0.395917 0.031815 0.033467
0 0.502259 0.405622 0.037274 0.032798
0 0.519955 0.396586 0.034262 0.028782
0 0.529650 0.427878 0.029556 0.040495
0 0.512142 0.487617 0.035203 0.043507
0 0.540380 0.508367 0.041604 0.043507
0 0.573136 0.544846 0.037462 0.040830
0 0.603445 0.564592 0.038592 0.040830
0 0.629800 0.595884 0.042357 0.045181
0 0.603257 0.518407 0.031062 0.046185
0 0.633848 0.535810 0.039533 0.036814
0 0.664721 0.574632 0.038780 0.050201
0 0.573513 0.483601 0.034827 0.044177
0 0.556852 0.448628 0.028991 0.047189
0 0.576054 0.453648 0.032003 0.039157
0 0.603822 0.467537 0.040474 0.036814
0 0.639307 0.510040 0.036145 0.045515
0 0.539439 0.452979 0.034450 0.031794
1 0.558641 0.378514 0.033697 0.031459
0 0.574172 0.378681 0.032003 0.021754
0 0.595727 0.394244 0.037086 0.018742
0 0.620388 0.417838 0.034450 0.029786
0 0.637895 0.433568 0.032944 0.029786
1 0.684488 0.543173 0.035768 0.037483
1 0.739740 0.598728 0.030685 0.048193
0 0.711879 0.575469 0.029932 0.045181
0 0.765719 0.624498 0.030685 0.045515
1 0.822760 0.629685 0.038592 0.044511
0 0.805064 0.589190 0.038592 0.033802
0 0.778144 0.561580 0.035956 0.034806
0 0.756401 0.526941 0.037651 0.033133
0 0.723833 0.497323 0.036145 0.035475
0 0.664721 0.446118 0.037274 0.032129
0 0.695124 0.464190 0.038592 0.028112
0 0.643543 0.401272 0.035203 0.034806
0 0.666416 0.396754 0.036898 0.039157
0 0.697101 0.399096 0.036521 0.033133
0 0.676864 0.401439 0.033321 0.039157
0 0.726657 0.415328 0.039533 0.037483
0 0.764778 0.443775 0.040098 0.041499
0 0.809111 0.469712 0.041416 0.043842
1 0.833396 0.498327 0.042169 0.036145
0 0.872082 0.512718 0.042357 0.039491
0 0.897214 0.543005 0.040663 0.039826
0 0.682135 0.377677 0.028050 0.020415
0 0.709337 0.376004 0.032756 0.025100
0 0.735505 0.365462 0.034262 0.034806
0 0.797910 0.398260 0.038592 0.026104
0 0.791416 0.348226 0.035392 0.029116
0 0.813065 0.360609 0.027108 0.030455
0 0.761107 0.370482 0.031250 0.030120
0 0.836032 0.411981 0.033886 0.030790
0 0.849680 0.394411 0.036333 0.028447
1 0.934017 0.447624 0.038592 0.027108
0 0.897026 0.434070 0.042545 0.036145
0 0.875847 0.426707 0.041227 0.030120
0 0.909733 0.399264 0.036333 0.025435
1 0.930064 0.392236 0.043486 0.024766
0 0.877353 0.380187 0.039345 0.033467
1 0.870105 0.346553 0.035392 0.023092
0 0.839326 0.360944 0.031815 0.027778
0 0.933829 0.351573 0.030685 0.033133
0 0.900602 0.360107 0.032380 0.032129
0 0.961408 0.355589 0.024849 0.033802
0 0.985505 0.361446 0.025979 0.036145
