0 0.928934 0.525770 0.034827 0.034137
1 0.955478 0.543842 0.040474 0.026774
0 0.924981 0.560576 0.040098 0.038822
0 0.900414 0.563588 0.040663 0.038822
0 0.889307 0.515228 0.039910 0.037818
0 0.877353 0.532798 0.040851 0.039491
0 0.842338 0.529451 0.042733 0.043507
0 0.853633 0.500167 0.038592 0.028447
0 0.809770 0.500837 0.040474 0.038487
0 0.810994 0.479920 0.044051 0.022758
0 0.772590 0.505857 0.043675 0.031124
0 0.786239 0.466700 0.041604 0.025770
0 0.749341 0.461513 0.043110 0.033467
0 0.734657 0.483768 0.041980 0.038487
0 0.766755 0.433902 0.043298 0.039826
0 0.733057 0.435743 0.036521 0.037483
0 0.746706 0.633701 0.046875 0.043173
0 0.717903 0.596720 0.043863 0.033467
0 0.686182 0.575301 0.043675 0.033467
0 0.706608 0.475402 0.040474 0.032463
0 0.704160 0.415161 0.038968 0.031124
0 0.676299 0.474900 0.037462 0.032798
0 0.647779 0.544511 0.046687 0.034137
0 0.618035 0.527945 0.038780 0.041834
0 0.667357 0.421519 0.032756 0.032463
0 0.665286 0.437249 0.034262 0.021754
0 0.638460 0.415830 0.038968 0.034471
0 0.598645 0.617637 0.039910 0.039157
0 0.568618 0.608601 0.034450 0.041165
0 0.539533 0.594880 0.040286 0.043842
0 0.506306 0.572289 0.036709 0.044177
0 0.612764 0.441265 0.039157 0.041165
0 0.597986 0.414324 0.035580 0.022758
0 0.579349 0.491299 0.043486 0.028112
0 0.553464 0.481091 0.039533 0.042503
0 0.568430 0.467369 0.042357 0.029786
0 0.464232 0.546687 0.040663 0.037149
0 0.444371 0.521754 0.040851 0.044177
0 0.503577 0.473226 0.038027 0.040830
0 0.490776 0.454819 0.042169 0.038822
0 0.526261 0.459672 0.038968 0.040495
0 0.556005 0.440428 0.038968 0.026774
0 0.533791 0.436412 0.038215 0.032129
0 0.519767 0.390562 0.042169 0.028782
0 0.496235 0.385040 0.038027 0.027108
0 0.471856 0.381526 0.034827 0.027443
0 0.442300 0.381861 0.042733 0.026774
0 0.409544 0.386212 0.033697 0.030120
0 0.387613 0.394411 0.038780 0.031124
0 0.413780 0.514893 0.039910 0.035141
0 0.410768 0.543005 0.042545 0.045850
0 0.375377 0.538153 0.038027 0.041499
0 0.404932 0.509873 0.040286 0.036479
0 0.381777 0.480087 0.038027 0.039157
0 0.343468 0.512216 0.040474 0.041834
0 0.304970 0.501339 0.037651 0.034806
0 0.361258 0.485442 0.036521 0.042503
0 0.333678 0.479752 0.037839 0.038487
0 0.348268 0.452644 0.042545 0.027108
0 0.271273 0.474398 0.042169 0.041834
0 0.322195 0.439592 0.040851 0.023762
0 0.364175 0.387885 0.040474 0.028112
0 0.332172 0.399933 0.035203 0.029451
0 0.316642 0.397590 0.036898 0.029451
0 0.301299 0.391399 0.037086 0.031794
0 0.290192 0.437918 0.045369 0.043173
0 0.239834 0.476071 0.042169 0.032463
0 0.253200 0.407463 0.047440 0.026439
0 0.220633 0.408969 0.027485 0.016064
0 0.220256 0.428548 0.039157 0.029116
0 0.174981 0.479083 0.044992 0.041165
0 0.186841 0.414324 0.043486 0.030120
0 0.142978 0.481426 0.044992 0.040495
0 0.110034 0.455823 0.045745 0.026104
0 0.078502 0.466867 0.043675 0.030790
0 0.038780 0.455991 0.044428 0.037149
