0 0.042639 0.475402 0.051770 0.037149
0 0.089326 0.494813 0.046122 0.027778
0 0.134130 0.514726 0.051770 0.032129
0 0.174040 0.534137 0.047252 0.026104
0 0.207831 0.544679 0.054217 0.030455
0 0.237952 0.577142 0.053840 0.047858
0 0.088008 0.542336 0.044992 0.046519
0 0.124906 0.556894 0.043486 0.064926
0 0.171028 0.587182 0.046498 0.049866
0 0.213573 0.609940 0.042733 0.055890
0 0.252447 0.629685 0.041039 0.057229
0 0.284544 0.629685 0.043110 0.055890
1 0.476374 0.439926 0.041980 0.041834
0 0.139119 0.483266 0.051581 0.043507
0 0.171593 0.500837 0.049134 0.040495
0 0.220068 0.530120 0.046310 0.032798
0 0.269767 0.555221 0.044428 0.041499
0 0.310617 0.554719 0.047063 0.044511
0 0.346009 0.580991 0.048946 0.040830
0 0.383001 0.557898 0.047628 0.036145
0 0.415192 0.596888 0.044992 0.049866
0 0.447948 0.607095 0.044616 0.048862
0 0.475715 0.620817 0.048569 0.050201
0 0.408227 0.519578 0.044239 0.031124
0 0.420275 0.498829 0.044616 0.043173
0 0.452654 0.523594 0.043110 0.039157
0 0.483998 0.549364 0.041416 0.038487
0 0.504142 0.547523 0.040286 0.040830
0 0.527203 0.542838 0.034827 0.036814
0 0.558829 0.564592 0.044239 0.040830
0 0.598833 0.578313 0.045934 0.042169
0 0.640625 0.591198 0.041792 0.043173
0 0.675358 0.598728 0.041227 0.050870
0 0.712349 0.614960 0.048193 0.039157
0 0.738799 0.614793 0.046875 0.048193
0 0.172722 0.407463 0.049511 0.043173
0 0.204631 0.408300 0.043675 0.044846
0 0.226562 0.379016 0.038215 0.046519
0 0.253483 0.373494 0.037462 0.045515
0 0.278897 0.382028 0.046498 0.035141
0 0.304876 0.386546 0.041227 0.042169
0 0.333584 0.372657 0.043675 0.039157
0 0.341020 0.396419 0.049134 0.043842
0 0.358057 0.423695 0.048569 0.043507
0 0.381589 0.402443 0.043298 0.047858
0 0.398814 0.361613 0.046498 0.033802
0 0.442206 0.352242 0.044051 0.037818
0 0.480328 0.340529 0.043110 0.045181
0 0.514307 0.341031 0.042169 0.044177
0 0.531438 0.310743 0.039910 0.034471
0 0.557229 0.322456 0.041792 0.041834
0 0.446066 0.453481 0.041980 0.042838
0 0.507907 0.433568 0.041416 0.038487
0 0.525979 0.442102 0.039910 0.044177
0 0.551111 0.458835 0.040851 0.044846
0 0.573513 0.443608 0.043110 0.043842
0 0.599774 0.437584 0.048193 0.035141
0 0.629895 0.442436 0.040286 0.046185
0 0.657944 0.419846 0.044051 0.035141
0 0.697666 0.414826 0.045557 0.035141
0 0.735787 0.410977 0.040098 0.034137
0 0.760825 0.415830 0.042357 0.034471
0 0.617752 0.507028 0.047252 0.051539
0 0.640060 0.525100 0.042169 0.044846
0 0.658980 0.517738 0.044992 0.048193
0 0.676111 0.490629 0.043863 0.043507
0 0.694936 0.478916 0.043486 0.042169
0 0.714044 0.462684 0.039533 0.046519
0 0.709149 0.533635 0.044428 0.045850
0 0.736822 0.571452 0.039910 0.043173
0 0.766943 0.568273 0.038027 0.054886
0 0.803087 0.564926 0.045181 0.038153
0 0.827090 0.603246 0.045369 0.051205
0 0.869352 0.605756 0.044428 0.042838
0 0.899473 0.652610 0.044804 0.047523
0 0.942489 0.668507 0.037086 0.056560
0 0.962914 0.668173 0.047816 0.043842
0 0.747270 0.503347 0.049134 0.047523
0 0.789251 0.512550 0.043110 0.039826
0 0.820501 0.508869 0.042357 0.045850
0 0.852880 0.489290 0.046498 0.044177
0 0.878012 0.509036 0.044051 0.050201
