0 0.499833 0.025791 0.033133 0.040663
0 0.505522 0.060712 0.028447 0.041227
0 0.497155 0.089326 0.036479 0.039721
0 0.503681 0.119447 0.036145 0.039721
0 0.572289 0.155120 0.028782 0.032380
0 0.516566 0.131212 0.020415 0.046310
0 0.495482 0.151732 0.031794 0.033133
0 0.587684 0.175546 0.037483 0.043110
0 0.471386 0.190041 0.036479 0.042357
0 0.532463 0.197007 0.034806 0.036709
0 0.588353 0.201713 0.040830 0.037462
0 0.595214 0.224680 0.035810 0.034827
0 0.612282 0.246141 0.035141 0.032944
0 0.519076 0.224303 0.031459 0.036709
0 0.460341 0.226092 0.035810 0.039157
0 0.439759 0.257342 0.039491 0.038780
0 0.414491 0.296969 0.031794 0.043486
0 0.389726 0.328313 0.039826 0.040663
0 0.526606 0.274191 0.033802 0.042733
0 0.508869 0.307794 0.035141 0.039533
0 0.549531 0.267696 0.024096 0.039910
0 0.547523 0.293863 0.020080 0.029367
0 0.550368 0.313065 0.027108 0.045181
0 0.488956 0.350527 0.042169 0.040286
0 0.524598 0.329913 0.030455 0.038215
0 0.523594 0.351468 0.033802 0.037651
0 0.484103 0.379706 0.042503 0.039157
0 0.479250 0.411145 0.035475 0.041039
1 0.517068 0.377918 0.031459 0.036709
0 0.525268 0.395990 0.045181 0.039721
0 0.529786 0.411239 0.035475 0.031815
0 0.510710 0.439477 0.030120 0.038592
0 0.610776 0.274944 0.038822 0.040851
0 0.622323 0.300264 0.031124 0.028238
0 0.629016 0.314665 0.034471 0.034827
0 0.638052 0.346197 0.036479 0.035768
0 0.653614 0.374153 0.042838 0.034827
0 0.669009 0.413404 0.036814 0.038404
0 0.675535 0.437877 0.038487 0.035768
0 0.678046 0.469691 0.034806 0.038780
0 0.584003 0.404273 0.030120 0.037839
0 0.614290 0.427146 0.035810 0.037274
0 0.612784 0.438818 0.036814 0.030873
0 0.623996 0.459149 0.036479 0.033886
0 0.610274 0.480139 0.035141 0.031062
0 0.616633 0.504895 0.038487 0.036521
0 0.615295 0.528426 0.040495 0.035015
0 0.599900 0.536709 0.031124 0.036145
0 0.565763 0.571913 0.037149 0.036898
0 0.586847 0.567300 0.030455 0.037839
0 0.613454 0.592809 0.033467 0.036898
0 0.568942 0.594691 0.035475 0.032003
0 0.561914 0.611634 0.036145 0.044051
0 0.606258 0.627165 0.033133 0.034827
0 0.607430 0.652203 0.036145 0.036709
0 0.590361 0.681570 0.034806 0.037462
0 0.598226 0.708584 0.037818 0.035768
0 0.522758 0.630177 0.045515 0.038215
0 0.510040 0.644861 0.042838 0.034450
0 0.503347 0.670369 0.038822 0.038027
0 0.566098 0.677993 0.031124 0.037839
0 0.550368 0.702843 0.031124 0.038968
0 0.533300 0.729292 0.033133 0.037651
0 0.540161 0.743317 0.034137 0.038592
0 0.486613 0.706137 0.042169 0.041792
0 0.457999 0.736728 0.045181 0.038968
0 0.496653 0.729763 0.045515 0.036709
0 0.503849 0.753953 0.038487 0.041792
0 0.523762 0.764025 0.026774 0.034074
0 0.482764 0.770143 0.031124 0.036898
0 0.445950 0.771649 0.053213 0.041039
0 0.517236 0.801487 0.034471 0.040098
0 0.506359 0.828972 0.025435 0.041227
0 0.492972 0.863705 0.026774 0.041039
0 0.477912 0.798193 0.041499 0.036145
0 0.416667 0.804123 0.047523 0.038968
0 0.405120 0.836973 0.045850 0.038404
0 0.380689 0.865211 0.043173 0.035015
0 0.453313 0.831796 0.040495 0.037086
0 0.443273 0.863422 0.043173 0.038592
0 0.409137 0.896555 0.046519 0.037086
0 0.392738 0.920557 0.043842 0.033133
0 0.375167 0.950019 0.040830 0.040851
0 0.481760 0.896837 0.027778 0.040663
0 0.464023 0.929311 0.028447 0.043110
0 0.564257 0.426864 0.028782 0.038215
0 0.542838 0.442583 0.036145 0.033886
0 0.559572 0.464514 0.043507 0.037462
0 0.566098 0.490681 0.031794 0.038215
0 0.521754 0.505930 0.035475 0.038968
0 0.551205 0.514966 0.026104 0.038592
0 0.514391 0.535392 0.039491 0.038780
0 0.513722 0.560523 0.031459 0.038215
0 0.477577 0.592338 0.046185 0.034450
0 0.472724 0.623494 0.029116 0.041039
0 0.437584 0.647779 0.049866 0.039157
0 0.427544 0.676111 0.041165 0.036709
0 0.462517 0.463573 0.041499 0.035203
0 0.445281 0.491529 0.049866 0.029367
0 0.424866 0.517508 0.049197 0.030120
0 0.405455 0.542828 0.051205 0.035203
0 0.382028 0.570595 0.055221 0.032756
0 0.367470 0.599492 0.047523 0.035580
