0 0.482095 0.049793 0.039826 0.044239
0 0.484940 0.080572 0.039491 0.039910
0 0.486278 0.116246 0.040161 0.048005
0 0.533133 0.135072 0.044846 0.049511
0 0.544511 0.164062 0.039491 0.046122
0 0.493976 0.172440 0.038822 0.038780
0 0.482597 0.192959 0.037483 0.040286
0 0.482764 0.216491 0.037818 0.040663
0 0.544846 0.199831 0.044846 0.042733
0 0.529953 0.220915 0.027778 0.048758
0 0.569779 0.236822 0.030455 0.037651
0 0.588688 0.271931 0.037483 0.042733
0 0.554886 0.251318 0.030790 0.033886
0 0.569612 0.287745 0.034806 0.036709
0 0.521754 0.262519 0.033467 0.041980
0 0.486948 0.245200 0.040161 0.046498
0 0.509538 0.309394 0.027778 0.051017
0 0.487115 0.298099 0.034471 0.042733
0 0.460007 0.313065 0.039157 0.044804
0 0.443106 0.336502 0.046854 0.042357
0 0.441600 0.363799 0.039157 0.038968
0 0.492470 0.344880 0.030455 0.041792
0 0.484438 0.370388 0.036479 0.044616
0 0.469043 0.400885 0.031124 0.042733
0 0.440930 0.393543 0.043842 0.042357
0 0.584672 0.310053 0.038822 0.037651
0 0.591198 0.337914 0.047189 0.037274
0 0.582497 0.360693 0.051205 0.033886
0 0.577309 0.383566 0.036814 0.033697
0 0.583333 0.413498 0.035475 0.038592
0 0.602242 0.434488 0.035141 0.041792
0 0.604083 0.467150 0.039491 0.039345
0 0.538989 0.405685 0.033133 0.036898
0 0.527778 0.432794 0.032798 0.040286
0 0.498661 0.455196 0.034806 0.045557
0 0.477577 0.489270 0.034137 0.045181
0 0.533467 0.478069 0.033467 0.034074
0 0.533300 0.503294 0.031794 0.029932
0 0.634371 0.503200 0.039157 0.038404
0 0.638387 0.537651 0.039826 0.038027
0 0.647758 0.558547 0.041834 0.038780
0 0.653782 0.588008 0.036479 0.033321
0 0.414324 0.431382 0.047523 0.038968
0 0.405288 0.468562 0.042169 0.038404
0 0.389558 0.500941 0.040830 0.033886
0 0.370817 0.533980 0.046185 0.038592
0 0.457329 0.522402 0.031124 0.039157
0 0.417336 0.564477 0.042838 0.044239
0 0.386379 0.601845 0.045181 0.039910
0 0.518407 0.530309 0.036814 0.038027
0 0.517403 0.548475 0.032129 0.038968
0 0.578983 0.573419 0.034806 0.040286
0 0.565930 0.596009 0.032129 0.040663
0 0.515897 0.577560 0.034471 0.036521
0 0.517738 0.597327 0.028112 0.036898
0 0.547189 0.639025 0.030790 0.043486
0 0.563755 0.625847 0.033802 0.038592
0 0.479418 0.626130 0.037818 0.036145
0 0.521252 0.658227 0.039826 0.034074
0 0.532631 0.676393 0.031794 0.037274
0 0.543507 0.706890 0.034806 0.042545
0 0.500335 0.695501 0.034806 0.040098
0 0.466198 0.660580 0.041499 0.037651
0 0.454317 0.692583 0.043173 0.041792
0 0.527108 0.743599 0.042838 0.039533
0 0.527276 0.774944 0.027778 0.038592
0 0.519411 0.812029 0.032129 0.040851
0 0.509203 0.849774 0.034471 0.039533
0 0.433233 0.728633 0.035141 0.035956
0 0.476071 0.717056 0.033802 0.038027
0 0.474063 0.745576 0.039826 0.040474
0 0.469378 0.779367 0.036479 0.039157
0 0.426037 0.763366 0.034806 0.043675
0 0.432062 0.787745 0.040830 0.038215
0 0.396754 0.806664 0.052544 0.042169
0 0.437416 0.809017 0.038153 0.040098
0 0.382363 0.828690 0.053213 0.041792
0 0.422021 0.837726 0.042169 0.038404
0 0.383701 0.871706 0.049197 0.043863
0 0.395917 0.904085 0.034806 0.040474
0 0.353916 0.890907 0.028447 0.038592
0 0.367135 0.928087 0.030120 0.041039
0 0.331493 0.932323 0.043842 0.042357
0 0.306894 0.964232 0.044177 0.045557
0 0.358266 0.634130 0.044511 0.039345
0 0.342704 0.666322 0.042838 0.047628
0 0.299866 0.699360 0.042838 0.042922
0 0.289324 0.987952 0.059906 0.024096
