0 0.907756 0.802544 0.044804 0.051539
0 0.885636 0.758199 0.041227 0.041165
0 0.958678 0.688253 0.043863 0.043173
0 0.970915 0.702811 0.040098 0.044846
0 0.919522 0.680723 0.043110 0.049531
0 0.890531 0.678213 0.044616 0.042503
0 0.851657 0.753347 0.039910 0.054886
0 0.816171 0.714357 0.030309 0.055221
0 0.847139 0.651606 0.046687 0.038153
0 0.884224 0.580154 0.040663 0.029116
0 0.779462 0.753012 0.041604 0.056894
0 0.782850 0.691767 0.036333 0.052878
0 0.822477 0.629183 0.045934 0.048193
0 0.854010 0.564090 0.038592 0.026439
0 0.752071 0.736780 0.031250 0.057898
0 0.734940 0.710174 0.039533 0.052209
0 0.745011 0.657463 0.035956 0.045850
0 0.791510 0.600736 0.042733 0.034137
0 0.830290 0.554719 0.041227 0.024431
0 0.702560 0.687751 0.037651 0.050870
0 0.710938 0.632865 0.032944 0.049531
0 0.790474 0.546687 0.038404 0.025100
0 0.761860 0.546687 0.040663 0.027778
0 0.720915 0.540997 0.043486 0.027778
0 0.740870 0.513387 0.044992 0.032798
0 0.684206 0.558233 0.042357 0.034137
0 0.680441 0.614290 0.032568 0.054552
0 0.653614 0.594712 0.030497 0.046185
0 0.669898 0.660977 0.040474 0.047523
0 0.627259 0.626171 0.036898 0.048862
0 0.658509 0.559906 0.039533 0.036145
0 0.710655 0.497490 0.037274 0.037149
0 0.681852 0.502677 0.035392 0.036145
0 0.650697 0.529618 0.041980 0.028447
0 0.653614 0.505857 0.039157 0.032463
0 0.607116 0.593708 0.043675 0.039491
0 0.581043 0.574465 0.035956 0.040495
0 0.624153 0.497490 0.040851 0.038487
0 0.587726 0.497490 0.040663 0.034471
0 0.528332 0.553046 0.032568 0.040495
0 0.505177 0.550535 0.032568 0.049531
0 0.489270 0.537651 0.029744 0.044511
0 0.562406 0.482764 0.038968 0.025770
0 0.543486 0.481593 0.037651 0.034137
0 0.512801 0.500335 0.037651 0.035475
0 0.493788 0.503347 0.041792 0.034806
0 0.481834 0.476573 0.036709 0.032798
0 0.439853 0.494143 0.041604 0.025770
0 0.474021 0.458668 0.038404 0.026439
0 0.518072 0.429217 0.035015 0.028447
0 0.545369 0.402610 0.037651 0.038153
0 0.577090 0.405455 0.035203 0.029786
0 0.603539 0.376171 0.038027 0.036814
0 0.591397 0.362617 0.040474 0.029116
0 0.562406 0.367135 0.034074 0.035475
0 0.535015 0.371988 0.035768 0.034471
0 0.498306 0.385542 0.037651 0.030790
0 0.463197 0.398929 0.038968 0.030790
0 0.478727 0.356928 0.037651 0.026439
0 0.422628 0.417336 0.040663 0.034137
0 0.443618 0.350736 0.034074 0.032129
0 0.416698 0.364458 0.031438 0.034137
0 0.385730 0.365462 0.035392 0.033467
0 0.388742 0.448293 0.037274 0.030455
0 0.407191 0.465361 0.038027 0.029786
0 0.390813 0.473561 0.036145 0.032129
0 0.347327 0.379016 0.035392 0.043842
0 0.371611 0.501673 0.039910 0.035475
0 0.345350 0.514893 0.039345 0.029786
0 0.316924 0.509371 0.036333 0.030120
0 0.305535 0.524264 0.036521 0.025100
0 0.359846 0.451138 0.043110 0.026774
0 0.438347 0.620315 0.041604 0.042503
0 0.410862 0.602075 0.040851 0.032798
0 0.375094 0.596553 0.034450 0.037149
0 0.341773 0.582497 0.040851 0.042503
0 0.295651 0.570950 0.042733 0.036145
0 0.312594 0.376506 0.030309 0.047523
0 0.291886 0.381024 0.023155 0.047858
0 0.289062 0.416834 0.038968 0.025100
0 0.343185 0.446118 0.038027 0.032129
0 0.315136 0.440763 0.039910 0.030790
0 0.293204 0.475569 0.032944 0.034806
0 0.277861 0.461011 0.035392 0.043173
0 0.264307 0.443106 0.038027 0.028782
0 0.243411 0.470382 0.036898 0.027108
0 0.230233 0.454652 0.035015 0.043173
0 0.183170 0.449465 0.031627 0.046854
0 0.164721 0.486948 0.035015 0.031459
0 0.191171 0.503849 0.043110 0.027108
0 0.212161 0.521921 0.044428 0.027108
0 0.246517 0.518407 0.046122 0.027443
0 0.271743 0.542838 0.042733 0.032798
0 0.255742 0.568942 0.031062 0.032129
0 0.225715 0.550870 0.031250 0.033467
0 0.214420 0.570950 0.037651 0.033467
0 0.177240 0.547356 0.033321 0.035141
0 0.254800 0.622323 0.041604 0.029786
0 0.219785 0.601740 0.043110 0.028112
0 0.175075 0.589859 0.045557 0.027778
0 0.143166 0.583501 0.040474 0.026439
0 0.104669 0.580823 0.038027 0.026439
0 0.206890 0.665495 0.045557 0.028447
0 0.164910 0.654786 0.036145 0.037818
0 0.146178 0.651941 0.032191 0.036145
0 0.117846 0.638220 0.040663 0.035475
0 0.089797 0.637718 0.039533 0.027108
0 0.052523 0.634538 0.039533 0.029451
0 0.523626 0.473394 0.032568 0.025100
