0 0.079913 0.339859 0.039721 0.029116
0 0.123776 0.340361 0.041227 0.029451
0 0.141284 0.365127 0.035203 0.027443
0 0.109846 0.367303 0.037462 0.025770
0 0.146084 0.397423 0.039533 0.031124
1 0.103069 0.353916 0.032944 0.025770
0 0.193901 0.370984 0.040663 0.021084
0 0.166322 0.434572 0.036333 0.046519
0 0.200960 0.451473 0.036709 0.047523
0 0.275226 0.366466 0.035768 0.042169
0 0.165192 0.371486 0.040098 0.030120
0 0.171404 0.404953 0.027673 0.022758
0 0.193336 0.396586 0.038780 0.023427
0 0.241529 0.454987 0.035015 0.041165
0 0.211973 0.415830 0.037651 0.023762
0 0.241905 0.427209 0.037274 0.031124
0 0.281062 0.441600 0.038404 0.038487
0 0.261107 0.460843 0.032756 0.024766
0 0.280968 0.485776 0.035956 0.033133
0 0.322572 0.539826 0.038592 0.040830
0 0.364552 0.591198 0.033697 0.046519
0 0.396743 0.631861 0.035580 0.040161
0 0.413404 0.665830 0.034262 0.038487
0 0.438065 0.708835 0.032756 0.041499
0 0.452466 0.750167 0.031438 0.055221
0 0.310994 0.461680 0.039533 0.035810
0 0.346762 0.472222 0.038404 0.039491
0 0.372835 0.494645 0.033697 0.042838
0 0.401732 0.514056 0.034262 0.035475
0 0.288121 0.350569 0.034827 0.037149
0 0.309864 0.363788 0.034639 0.030120
1 0.342997 0.364290 0.035392 0.037818
0 0.325207 0.403949 0.030309 0.042169
0 0.342056 0.420850 0.035392 0.040495
1 0.368035 0.426205 0.034262 0.035810
0 0.401638 0.441934 0.035956 0.041834
0 0.443806 0.478246 0.035580 0.033467
0 0.365681 0.344880 0.032191 0.024431
0 0.367188 0.363956 0.034074 0.026439
0 0.387331 0.390228 0.037839 0.036145
0 0.336502 0.336178 0.037462 0.022423
0 0.422722 0.406124 0.035580 0.038487
0 0.439853 0.432898 0.032191 0.040495
0 0.468279 0.447624 0.036333 0.040495
0 0.388648 0.359103 0.035956 0.022758
0 0.407191 0.376171 0.033133 0.025435
0 0.430064 0.388220 0.034074 0.030790
0 0.463667 0.404284 0.039910 0.031459
0 0.486634 0.498327 0.037651 0.049531
0 0.518543 0.533133 0.036333 0.042169
0 0.544992 0.544344 0.030497 0.045850
0 0.568242 0.561914 0.035956 0.039491
0 0.515060 0.463855 0.041416 0.039491
0 0.503671 0.429384 0.037462 0.033467
0 0.540569 0.443273 0.039345 0.032463
0 0.570971 0.472557 0.034639 0.044846
0 0.565418 0.521084 0.035203 0.044177
0 0.598833 0.554719 0.033133 0.047858
0 0.625753 0.597724 0.031250 0.051539
0 0.659544 0.616801 0.035956 0.049531
0 0.684300 0.661145 0.033886 0.059906
0 0.595068 0.488286 0.036898 0.033467
0 0.618505 0.520750 0.038215 0.039491
0 0.476280 0.373661 0.034262 0.038487
0 0.492470 0.364123 0.033509 0.032129
0 0.516472 0.381861 0.040098 0.034806
0 0.536615 0.362617 0.038215 0.027778
0 0.560900 0.346888 0.040851 0.031794
0 0.559582 0.384873 0.036709 0.028782
0 0.577748 0.408300 0.036145 0.025435
0 0.608716 0.397423 0.037086 0.035810
0 0.605610 0.433233 0.038404 0.031794
0 0.619447 0.469712 0.030685 0.043842
0 0.645331 0.480589 0.032756 0.040830
0 0.670275 0.513220 0.037462 0.041165
0 0.691077 0.563420 0.035392 0.047189
0 0.722327 0.613956 0.029367 0.056560
0 0.734281 0.675368 0.025791 0.063588
0 0.757530 0.723561 0.024849 0.066265
1 0.642131 0.408969 0.033886 0.042169
0 0.666698 0.439926 0.034827 0.044511
0 0.699925 0.475234 0.027861 0.046854
0 0.734846 0.506526 0.034827 0.045181
0 0.683076 0.413153 0.039721 0.037818
0 0.690700 0.439592 0.029744 0.030455
0 0.714044 0.449632 0.030120 0.044511
0 0.738234 0.449632 0.034450 0.039157
0 0.771461 0.420515 0.034639 0.031124
0 0.747835 0.423193 0.029932 0.035810
0 0.789157 0.447456 0.036898 0.030790
0 0.808829 0.485442 0.034450 0.036479
0 0.763931 0.461513 0.037651 0.034806
0 0.849209 0.502343 0.038404 0.040161
0 0.869352 0.551874 0.033886 0.048862
0 0.792169 0.527108 0.037651 0.042838
0 0.830290 0.555221 0.037086 0.045515
0 0.851468 0.593373 0.036145 0.050870
0 0.780120 0.482764 0.039157 0.037149
0 0.876600 0.605756 0.045369 0.042169
0 0.891190 0.657463 0.030497 0.055221
0 0.913498 0.675703 0.037462 0.056894
0 0.904367 0.565428 0.035392 0.040495
0 0.921687 0.619980 0.027861 0.050535
0 0.942395 0.646754 0.027485 0.062584
