0 0.453481 0.124435 0.032129 0.037651
0 0.452811 0.159733 0.027443 0.037462
0 0.468876 0.172628 0.022758 0.035768
0 0.446285 0.198889 0.029786 0.040474
0 0.458835 0.217526 0.021419 0.034450
0 0.487282 0.218468 0.028782 0.032944
0 0.491968 0.233810 0.027443 0.030497
0 0.432062 0.234093 0.033467 0.036333
0 0.455991 0.244823 0.027778 0.032944
0 0.424364 0.264684 0.028782 0.035015
0 0.488119 0.255553 0.027108 0.030309
0 0.446954 0.275697 0.028447 0.035203
0 0.468039 0.292451 0.019746 0.035203
0 0.487952 0.294898 0.025435 0.030309
0 0.501841 0.281909 0.026439 0.028426
0 0.487784 0.312123 0.033133 0.031627
0 0.437751 0.311370 0.029451 0.036898
0 0.448461 0.313159 0.028112 0.032191
0 0.435910 0.339703 0.029116 0.032944
0 0.509036 0.331514 0.034137 0.034639
0 0.467035 0.353257 0.027778 0.033697
0 0.517236 0.346668 0.025100 0.029932
0 0.437249 0.365681 0.027778 0.031815
0 0.437416 0.388366 0.029451 0.033886
0 0.463855 0.387331 0.026104 0.033697
0 0.509371 0.365587 0.028112 0.030120
0 0.499163 0.384695 0.026439 0.031062
0 0.488621 0.404932 0.032129 0.030497
0 0.435408 0.420181 0.031459 0.035392
0 0.459505 0.418204 0.023427 0.034827
0 0.526774 0.400602 0.029451 0.033886
0 0.520582 0.417639 0.028447 0.031062
0 0.445783 0.449454 0.033467 0.034074
0 0.490295 0.439383 0.023427 0.036898
0 0.510207 0.442112 0.026439 0.035956
0 0.530790 0.443712 0.028112 0.032380
0 0.469043 0.467244 0.033133 0.030873
1 0.439926 0.479763 0.024431 0.037839
0 0.464023 0.495105 0.035141 0.034639
0 0.423360 0.504424 0.026104 0.038215
0 0.445114 0.520708 0.033467 0.032003
0 0.444444 0.555535 0.033467 0.035392
0 0.542671 0.462067 0.029116 0.029932
0 0.534639 0.480610 0.025100 0.032003
1 0.510375 0.504800 0.026774 0.034450
0 0.503849 0.530968 0.032463 0.032191
0 0.574967 0.463950 0.024766 0.030309
0 0.568273 0.488234 0.024766 0.029179
0 0.554886 0.505553 0.028112 0.028426
0 0.567269 0.516660 0.025435 0.031062
0 0.540830 0.529179 0.032129 0.027485
0 0.521252 0.554876 0.031124 0.035956
0 0.547523 0.548005 0.030790 0.032003
0 0.517570 0.586032 0.031124 0.035768
0 0.554886 0.575301 0.031459 0.035768
0 0.580991 0.558735 0.025435 0.033886
0 0.582999 0.578690 0.025435 0.031250
0 0.548193 0.596762 0.031459 0.034639
0 0.577644 0.597609 0.030790 0.031438
0 0.519913 0.616905 0.030455 0.034262
0 0.544009 0.631212 0.029116 0.036145
0 0.584337 0.616152 0.026104 0.029744
0 0.572122 0.630742 0.028447 0.031815
0 0.500502 0.637989 0.035141 0.035768
0 0.530622 0.655215 0.032463 0.032191
0 0.573628 0.658886 0.026774 0.032756
0 0.615127 0.653332 0.029451 0.036709
0 0.625669 0.671498 0.030455 0.030120
0 0.618474 0.692489 0.036145 0.032568
0 0.504518 0.671781 0.028447 0.037839
1 0.527610 0.686841 0.027778 0.035956
0 0.513052 0.711408 0.031459 0.035768
0 0.567771 0.686841 0.025100 0.031438
0 0.557731 0.715456 0.025100 0.032944
0 0.608434 0.716020 0.034137 0.032568
0 0.599900 0.737387 0.033133 0.030873
0 0.549197 0.741529 0.032129 0.027861
0 0.586680 0.738140 0.028112 0.029744
0 0.569277 0.758566 0.024096 0.034450
0 0.546519 0.764025 0.032129 0.030685
0 0.543005 0.791510 0.031124 0.030685
0 0.558066 0.783038 0.026439 0.027297
1 0.548360 0.806758 0.035141 0.030309
0 0.607932 0.754706 0.031794 0.030873
0 0.604250 0.773155 0.028447 0.030120
0 0.587684 0.805441 0.031459 0.035956
0 0.584839 0.831796 0.029116 0.032944
0 0.528949 0.834996 0.027778 0.035956
0 0.534639 0.861540 0.033133 0.033321
0 0.559070 0.857304 0.030455 0.032380
1 0.512885 0.890343 0.029786 0.035203
1 0.562249 0.883942 0.032798 0.035580
1 0.516232 0.907191 0.031124 0.036898
