0 0.102786 0.522590 0.054970 0.048527
0 0.137048 0.546854 0.046310 0.040830
0 0.170651 0.529451 0.055911 0.052878
0 0.196348 0.475067 0.057229 0.031124
0 0.208396 0.555221 0.050828 0.030790
0 0.240870 0.534973 0.059300 0.052544
0 0.238234 0.477410 0.045745 0.040495
0 0.272214 0.559404 0.062877 0.047858
0 0.288121 0.461011 0.059300 0.041165
0 0.290192 0.506359 0.051770 0.038822
0 0.310617 0.525268 0.054970 0.028447
0 0.357963 0.457162 0.059300 0.036814
0 0.352786 0.560910 0.054593 0.040161
0 0.398249 0.553882 0.052523 0.054886
0 0.440418 0.579317 0.058170 0.046185
0 0.453502 0.518574 0.055346 0.051205
0 0.412086 0.452644 0.055346 0.039826
0 0.463855 0.448461 0.056852 0.040161
0 0.517131 0.442436 0.054217 0.039491
0 0.488705 0.539826 0.041416 0.030790
0 0.498212 0.586178 0.054029 0.053882
0 0.540380 0.605924 0.055158 0.041165
0 0.573325 0.605422 0.051393 0.039491
0 0.522496 0.529618 0.051770 0.050535
0 0.564006 0.454987 0.054593 0.045850
0 0.569842 0.522590 0.054970 0.047189
0 0.607492 0.551205 0.054970 0.052878
0 0.644202 0.527945 0.058358 0.041165
0 0.611540 0.461847 0.044992 0.046185
0 0.648626 0.472892 0.049887 0.039491
0 0.689006 0.557731 0.058358 0.051874
0 0.712538 0.510877 0.054217 0.037149
0 0.728633 0.544846 0.053276 0.044177
0 0.670369 0.452644 0.044051 0.050535
0 0.772214 0.560576 0.052334 0.042838
0 0.773532 0.499498 0.049322 0.037149
0 0.712255 0.415663 0.044992 0.052209
0 0.763837 0.409973 0.050264 0.048862
0 0.810806 0.477075 0.047063 0.049197
0 0.801205 0.366968 0.040286 0.051205
0 0.840361 0.368641 0.042922 0.046519
0 0.873494 0.325971 0.042545 0.038153
0 0.844032 0.484270 0.048758 0.040830
0 0.884789 0.468541 0.045934 0.048862
0 0.914627 0.466700 0.037462 0.032463
0 0.939194 0.433233 0.033509 0.047858
0 0.731551 0.511881 0.051581 0.027108
