0 0.848550 0.519076 0.043863 0.044177
0 0.812688 0.507697 0.038404 0.034137
0 0.776073 0.503849 0.043486 0.031124
0 0.736352 0.512383 0.046498 0.040830
0 0.694654 0.499665 0.053087 0.029451
0 0.665098 0.488119 0.047440 0.031794
0 0.639590 0.493809 0.044616 0.028447
0 0.665945 0.601071 0.049511 0.030790
0 0.762142 0.365462 0.045369 0.037483
0 0.734469 0.391399 0.043863 0.032463
0 0.703031 0.389558 0.037839 0.039491
0 0.673946 0.426205 0.040663 0.033133
0 0.631495 0.444612 0.040851 0.039157
0 0.592620 0.472724 0.039533 0.036479
0 0.605139 0.495147 0.038215 0.034471
0 0.628294 0.611780 0.042357 0.031459
0 0.600998 0.610944 0.043110 0.049197
0 0.560241 0.611111 0.047063 0.034806
0 0.562971 0.463688 0.035580 0.047189
0 0.535862 0.477577 0.035203 0.040161
0 0.550264 0.438588 0.037274 0.038487
0 0.514778 0.448795 0.039721 0.038822
0 0.522120 0.511881 0.041604 0.029116
0 0.526826 0.580321 0.042733 0.039491
0 0.486728 0.584505 0.039345 0.039826
0 0.463197 0.616801 0.045369 0.031459
0 0.435053 0.609438 0.038404 0.030790
0 0.462726 0.558400 0.044428 0.034471
0 0.485034 0.477242 0.037086 0.048862
0 0.438253 0.543173 0.043675 0.028112
0 0.398438 0.612617 0.040474 0.035810
0 0.416039 0.555054 0.039910 0.043842
0 0.449548 0.486780 0.037274 0.035810
0 0.411333 0.511546 0.041792 0.040495
0 0.364175 0.603916 0.036709 0.032463
0 0.374812 0.509203 0.039910 0.029116
0 0.376788 0.473394 0.041604 0.044511
0 0.342338 0.472055 0.038968 0.036479
0 0.357304 0.520917 0.040663 0.030455
0 0.333773 0.546017 0.040663 0.038487
0 0.317865 0.559739 0.038215 0.035141
0 0.300358 0.538153 0.039721 0.037483
0 0.323325 0.597055 0.041980 0.039491
0 0.288404 0.581325 0.040663 0.035475
0 0.282380 0.586011 0.032003 0.032129
0 0.258189 0.579652 0.036333 0.032798
0 0.304782 0.488621 0.038780 0.034806
0 0.266566 0.495482 0.039910 0.029786
0 0.229480 0.506024 0.041416 0.031459
0 0.240023 0.554552 0.033886 0.032798
0 0.220068 0.593206 0.039910 0.042503
0 0.223739 0.552041 0.026544 0.027108
0 0.186182 0.516064 0.044428 0.026104
0 0.151544 0.545013 0.038027 0.040495
0 0.133848 0.532129 0.046687 0.023427
0 0.197101 0.586847 0.044428 0.042503
0 0.163215 0.599565 0.038404 0.030455
0 0.143449 0.580823 0.036521 0.041834
0 0.108716 0.585007 0.034074 0.030120
