0 0.863234 0.509538 0.076619 0.069277
0 0.818242 0.500669 0.069842 0.072959
0 0.754047 0.500669 0.069089 0.060910
0 0.729857 0.523929 0.090738 0.069277
0 0.662274 0.543173 0.083208 0.050201
0 0.657191 0.490462 0.100151 0.038487
0 0.579913 0.526941 0.085279 0.065930
0 0.506306 0.551372 0.091303 0.052544
0 0.412274 0.548695 0.100151 0.043842
0 0.465832 0.415663 0.090550 0.048193
0 0.391284 0.431225 0.080761 0.051205
0 0.332831 0.468373 0.096762 0.065930
0 0.249812 0.469545 0.088102 0.056225
0 0.189571 0.496988 0.100904 0.053548
