0 0.035015 0.408969 0.043298 0.043507
0 0.076525 0.427711 0.050264 0.042169
0 0.105610 0.423025 0.042922 0.051539
0 0.139213 0.435408 0.045369 0.042838
0 0.136295 0.378347 0.044428 0.035141
0 0.175169 0.360776 0.040474 0.033467
0 0.211785 0.353916 0.036898 0.043173
0 0.210938 0.380857 0.040851 0.035475
0 0.231269 0.388889 0.046122 0.042838
0 0.255930 0.428213 0.044992 0.038487
0 0.245953 0.338019 0.036333 0.050201
0 0.264590 0.352410 0.043486 0.048862
0 0.292451 0.405957 0.045745 0.039491
0 0.288498 0.321285 0.041227 0.050201
0 0.300169 0.364458 0.049887 0.042169
0 0.321724 0.304384 0.047063 0.029786
0 0.329255 0.327477 0.048946 0.053882
0 0.362764 0.331827 0.050828 0.046519
0 0.399191 0.304384 0.044239 0.047189
0 0.431758 0.305556 0.044616 0.036145
0 0.446913 0.265897 0.044428 0.053213
0 0.334996 0.413153 0.054029 0.046519
0 0.363234 0.392905 0.045745 0.042169
0 0.376883 0.421352 0.046310 0.040830
0 0.395143 0.424531 0.050828 0.034471
0 0.401638 0.410977 0.039345 0.040830
0 0.422157 0.425703 0.044239 0.034806
0 0.420557 0.384371 0.051581 0.045850
0 0.456325 0.424531 0.040663 0.034471
0 0.475998 0.444779 0.050264 0.042838
0 0.509695 0.423527 0.044992 0.027778
0 0.555817 0.427878 0.049511 0.045181
0 0.605704 0.419009 0.045369 0.040830
0 0.648814 0.423025 0.044992 0.048862
0 0.694465 0.413320 0.046310 0.050870
0 0.465079 0.506359 0.048381 0.052209
0 0.510166 0.492470 0.047440 0.047858
0 0.512425 0.521419 0.047816 0.050201
0 0.531627 0.543842 0.052711 0.063588
0 0.572383 0.568942 0.045745 0.058233
0 0.612199 0.597055 0.047816 0.057564
0 0.658133 0.623159 0.047063 0.056225
0 0.702748 0.639558 0.051205 0.052209
1 0.618129 0.535475 0.049887 0.049531
0 0.649944 0.530120 0.050264 0.041499
0 0.680252 0.552209 0.053652 0.040830
0 0.740305 0.633367 0.052899 0.063253
0 0.727410 0.572122 0.056476 0.047189
0 0.768355 0.583166 0.052523 0.044511
0 0.813630 0.615462 0.056099 0.058233
0 0.796969 0.660308 0.059676 0.074967
0 0.849021 0.713353 0.052334 0.065930
0 0.864081 0.615797 0.052334 0.041499
0 0.909356 0.656961 0.057041 0.060910
0 0.911239 0.735442 0.058923 0.062584
0 0.951148 0.773762 0.058547 0.064926
