0 0.067583 0.539826 0.053840 0.042169
0 0.110410 0.532631 0.051017 0.043173
0 0.149567 0.549364 0.054782 0.037818
0 0.104857 0.571285 0.044804 0.042169
0 0.142413 0.578146 0.045745 0.046519
0 0.190136 0.640228 0.054217 0.054217
0 0.246894 0.665161 0.053652 0.059906
0 0.290757 0.689592 0.044992 0.063922
0 0.328407 0.701138 0.045745 0.064926
0 0.368788 0.737617 0.049322 0.050201
0 0.186182 0.545515 0.050452 0.054886
0 0.235034 0.558233 0.051017 0.052878
0 0.188818 0.470214 0.048193 0.035475
0 0.221291 0.473896 0.045745 0.028112
0 0.251224 0.469880 0.045369 0.034137
0 0.182229 0.511881 0.042922 0.029116
0 0.246423 0.532965 0.039533 0.034471
0 0.303276 0.553548 0.044428 0.040161
0 0.338950 0.572456 0.038968 0.047858
0 0.274755 0.491801 0.044616 0.032463
0 0.319183 0.496151 0.049887 0.035810
0 0.296875 0.512383 0.042545 0.028112
0 0.352974 0.531292 0.053087 0.040495
0 0.401167 0.565428 0.053087 0.041834
0 0.438912 0.591533 0.046498 0.037149
0 0.472233 0.618641 0.043110 0.040495
0 0.514213 0.661312 0.046498 0.039491
0 0.547063 0.700803 0.047063 0.045515
0 0.394767 0.596386 0.048193 0.049531
0 0.414251 0.652778 0.043486 0.057229
0 0.458114 0.691098 0.041604 0.062918
0 0.494447 0.733936 0.039345 0.066265
0 0.531909 0.773427 0.039721 0.062918
0 0.562218 0.805723 0.040474 0.073963
0 0.602974 0.832329 0.043675 0.065596
0 0.360034 0.440930 0.043863 0.039826
0 0.399944 0.445448 0.048005 0.034806
0 0.414157 0.468373 0.047063 0.031794
0 0.427052 0.494645 0.045745 0.044177
0 0.460467 0.501339 0.042922 0.050201
0 0.498023 0.508869 0.046498 0.043842
0 0.535486 0.543005 0.044616 0.046519
0 0.582172 0.560074 0.048758 0.039157
0 0.611916 0.588688 0.048005 0.037483
0 0.644484 0.617135 0.048005 0.041499
0 0.661521 0.660475 0.046310 0.058568
0 0.440794 0.434906 0.044992 0.045181
0 0.463008 0.440930 0.046875 0.041165
0 0.491717 0.417503 0.047063 0.033802
0 0.495388 0.447122 0.044239 0.035475
0 0.525414 0.431727 0.042545 0.034806
0 0.544804 0.443608 0.043675 0.040495
0 0.585373 0.465696 0.042357 0.047189
0 0.629236 0.479752 0.045369 0.040495
0 0.659544 0.506024 0.044992 0.046854
0 0.703972 0.523427 0.047628 0.041499
0 0.735034 0.562082 0.041980 0.047189
0 0.776920 0.584170 0.045181 0.044511
0 0.564665 0.421017 0.043110 0.028782
0 0.588573 0.413487 0.044992 0.033802
0 0.610975 0.413989 0.037086 0.034806
0 0.630930 0.420683 0.040851 0.044177
0 0.642319 0.408467 0.037274 0.029786
0 0.672534 0.414324 0.049887 0.033467
0 0.694748 0.452644 0.043110 0.047189
0 0.739552 0.475736 0.038592 0.049197
0 0.777579 0.494980 0.041604 0.054886
0 0.813630 0.539826 0.037651 0.059572
0 0.847139 0.558568 0.042545 0.063588
0 0.883660 0.587182 0.043675 0.048527
0 0.700489 0.402945 0.043675 0.038153
0 0.719503 0.399933 0.037651 0.038153
0 0.754989 0.396586 0.043110 0.048862
0 0.787086 0.411981 0.044428 0.038153
0 0.822007 0.417336 0.040098 0.050870
0 0.857304 0.427209 0.038780 0.054552
0 0.889778 0.430723 0.041604 0.046185
0 0.919239 0.458166 0.037274 0.040830
0 0.952184 0.453313 0.041039 0.044511
0 0.665851 0.346386 0.046310 0.045515
0 0.696724 0.344210 0.037651 0.034471
0 0.724586 0.348896 0.034262 0.036479
0 0.719974 0.325803 0.039345 0.035141
0 0.741246 0.320783 0.037462 0.039157
0 0.758377 0.309572 0.032191 0.038822
0 0.785203 0.313086 0.031627 0.041165
0 0.808170 0.304217 0.033133 0.040830
0 0.839985 0.302711 0.033886 0.044511
0 0.867093 0.287483 0.028238 0.037483
0 0.893825 0.294846 0.032756 0.036145
