0 0.034074 0.548695 0.035768 0.023762
0 0.058264 0.557396 0.035956 0.031794
0 0.079913 0.544511 0.032191 0.025435
0 0.110410 0.551205 0.037086 0.025435
0 0.143449 0.561245 0.039910 0.029451
0 0.192395 0.565261 0.037651 0.026104
0 0.223833 0.576138 0.032756 0.027778
0 0.250659 0.586011 0.037462 0.025435
0 0.266472 0.609438 0.037086 0.034137
0 0.163874 0.530288 0.034074 0.035810
0 0.184488 0.526941 0.029367 0.034471
0 0.208678 0.542838 0.033697 0.033467
0 0.228916 0.525770 0.028991 0.032129
0 0.249341 0.529116 0.024661 0.028782
0 0.265154 0.534304 0.040098 0.029116
0 0.302805 0.523427 0.036333 0.028782
0 0.340644 0.555054 0.035956 0.035141
0 0.375847 0.566432 0.033321 0.043173
0 0.408886 0.581660 0.033509 0.037483
0 0.441265 0.595716 0.036521 0.033467
0 0.467526 0.630522 0.034450 0.044177
0 0.143072 0.482764 0.039157 0.035810
0 0.158603 0.455656 0.026920 0.041834
0 0.180817 0.447791 0.032191 0.032798
0 0.189383 0.479250 0.036145 0.032129
0 0.212726 0.468039 0.035392 0.024431
0 0.230328 0.447791 0.037086 0.031459
0 0.247176 0.414826 0.038027 0.027108
0 0.265248 0.398092 0.035392 0.039157
0 0.303181 0.405455 0.034450 0.029116
0 0.329443 0.373327 0.033509 0.039157
0 0.364552 0.359605 0.034827 0.034471
0 0.387331 0.341365 0.032568 0.034806
0 0.413686 0.340529 0.031438 0.033133
0 0.434111 0.320114 0.032756 0.033802
0 0.316171 0.433902 0.028803 0.032463
0 0.331984 0.437584 0.030309 0.031794
0 0.350715 0.434739 0.029367 0.024096
0 0.373682 0.434237 0.033133 0.028447
0 0.356928 0.490797 0.033509 0.027108
0 0.376506 0.483601 0.025979 0.026104
0 0.396743 0.485442 0.034827 0.027778
0 0.412274 0.478748 0.038404 0.027778
0 0.433170 0.465194 0.036145 0.025435
0 0.459055 0.452979 0.034827 0.025100
0 0.395143 0.435074 0.032756 0.026774
0 0.424040 0.439592 0.034450 0.026439
0 0.451619 0.435074 0.034262 0.030120
0 0.468091 0.410810 0.033697 0.028447
0 0.494352 0.404116 0.031627 0.031794
0 0.518637 0.402610 0.028991 0.028782
0 0.547628 0.401272 0.031627 0.024096
0 0.520802 0.440261 0.034450 0.031794
0 0.536992 0.426037 0.028803 0.033467
0 0.562688 0.421352 0.031627 0.034806
0 0.579443 0.404953 0.033886 0.024096
0 0.574454 0.435576 0.026544 0.040495
0 0.593562 0.437584 0.025226 0.035141
0 0.616811 0.430890 0.028803 0.031794
0 0.641002 0.415161 0.031250 0.029786
0 0.667545 0.423193 0.029367 0.034471
0 0.699078 0.420348 0.030685 0.033467
0 0.726751 0.433902 0.032191 0.032463
0 0.713761 0.450803 0.035580 0.025435
0 0.723645 0.464859 0.033886 0.027443
0 0.752259 0.418842 0.029744 0.033802
0 0.776732 0.421854 0.028991 0.031124
0 0.746141 0.480422 0.035956 0.027778
0 0.776544 0.449799 0.033509 0.025435
0 0.804311 0.454819 0.032568 0.025435
0 0.831702 0.456827 0.029744 0.024766
0 0.853351 0.469210 0.029744 0.029451
0 0.883189 0.467871 0.035203 0.026774
0 0.902956 0.478414 0.032568 0.015060
0 0.499812 0.466365 0.034639 0.035141
0 0.510072 0.496486 0.029556 0.035141
0 0.532662 0.498494 0.027673 0.042503
0 0.548475 0.484605 0.029932 0.040830
0 0.570312 0.490629 0.028426 0.033467
0 0.485034 0.520917 0.032568 0.041834
0 0.514025 0.528280 0.033697 0.030455
0 0.548193 0.543340 0.035768 0.032463
0 0.578031 0.560743 0.032191 0.035141
0 0.605328 0.571452 0.029932 0.037149
0 0.638931 0.587015 0.031627 0.036814
0 0.593844 0.529451 0.036333 0.037483
0 0.623023 0.529618 0.031062 0.031794
0 0.618505 0.502845 0.031438 0.033133
0 0.645614 0.566265 0.032191 0.036145
0 0.674322 0.566432 0.036145 0.031794
0 0.694465 0.595214 0.035392 0.036479
0 0.724774 0.606593 0.033509 0.035141
0 0.638742 0.494311 0.035015 0.036145
0 0.661898 0.511044 0.035392 0.041499
0 0.679970 0.509036 0.030120 0.028112
0 0.695877 0.507363 0.028803 0.029451
0 0.725245 0.524933 0.035203 0.029786
0 0.758189 0.530622 0.036333 0.037149
0 0.791792 0.540495 0.034262 0.038153
0 0.815512 0.558568 0.035768 0.036814
0 0.839138 0.564926 0.034450 0.042838
0 0.864081 0.568942 0.031250 0.040161
0 0.766002 0.510040 0.035768 0.022758
0 0.778426 0.508199 0.031627 0.031794
0 0.802240 0.510877 0.031438 0.037149
0 0.827372 0.526272 0.033509 0.034471
0 0.850245 0.531292 0.032944 0.033802
0 0.886201 0.541834 0.038215 0.032129
0 0.910203 0.555723 0.027861 0.029786
0 0.933641 0.561580 0.025038 0.032798
0 0.952466 0.556225 0.033321 0.034137
