0 0.026544 0.516901 0.047816 0.039826
0 0.049887 0.510877 0.055723 0.046519
0 0.110410 0.502008 0.069089 0.052878
0 0.133566 0.497992 0.064194 0.052209
0 0.113046 0.534304 0.051770 0.049197
0 0.158509 0.554719 0.058358 0.055890
0 0.194842 0.571787 0.047816 0.065261
0 0.236069 0.592704 0.049699 0.052878
0 0.284450 0.601406 0.057605 0.054886
0 0.168863 0.491299 0.052711 0.054217
0 0.190889 0.481258 0.051205 0.048862
0 0.227880 0.500167 0.054405 0.055890
0 0.254989 0.489123 0.059676 0.052544
0 0.263178 0.543507 0.053087 0.050201
0 0.294616 0.568440 0.047440 0.057898
0 0.113046 0.436078 0.046875 0.034137
0 0.088291 0.437751 0.048946 0.032129
0 0.141566 0.418675 0.045181 0.038153
0 0.217244 0.398594 0.048569 0.047523
0 0.273061 0.379351 0.048381 0.044511
0 0.322948 0.369478 0.049511 0.039491
0 0.367188 0.355924 0.045745 0.042503
0 0.408886 0.363119 0.048569 0.046185
0 0.322572 0.464190 0.048005 0.042169
0 0.304029 0.474398 0.052711 0.042503
0 0.352598 0.487617 0.050452 0.047523
0 0.375753 0.531794 0.053087 0.048862
0 0.406532 0.552041 0.048758 0.053213
0 0.451431 0.540997 0.047816 0.052544
0 0.326713 0.557062 0.049887 0.047189
0 0.344127 0.616968 0.047063 0.070616
0 0.381212 0.637383 0.045557 0.061245
0 0.425075 0.665495 0.046687 0.068608
0 0.463573 0.694779 0.043863 0.077644
0 0.501035 0.717202 0.046122 0.071620
0 0.533791 0.747657 0.044992 0.060241
0 0.495482 0.558066 0.047816 0.054552
0 0.545087 0.573628 0.053276 0.048862
0 0.580949 0.612617 0.051205 0.065261
0 0.615776 0.627343 0.049699 0.067269
0 0.416698 0.398260 0.048758 0.038822
0 0.436182 0.397758 0.050075 0.041165
0 0.459808 0.391901 0.045745 0.043507
0 0.483622 0.375335 0.046687 0.041165
0 0.506118 0.373327 0.042357 0.044511
0 0.531156 0.378012 0.045745 0.040495
0 0.571913 0.377845 0.050075 0.038822
0 0.601186 0.358266 0.041980 0.045181
0 0.475904 0.463688 0.045557 0.033802
0 0.458396 0.461680 0.046310 0.037149
0 0.505553 0.446954 0.044992 0.035141
0 0.527673 0.480756 0.048569 0.050535
0 0.553558 0.486111 0.043863 0.049866
1 0.583584 0.496319 0.048946 0.044846
0 0.616529 0.493641 0.045181 0.050201
0 0.657756 0.511881 0.048193 0.046519
1 0.699172 0.514391 0.047816 0.044846
1 0.744258 0.535475 0.051017 0.038822
0 0.787651 0.552711 0.048946 0.043173
0 0.823983 0.554384 0.046310 0.047858
0 0.869635 0.563086 0.047628 0.053882
0 0.904179 0.558735 0.051205 0.047858
0 0.926770 0.607764 0.044804 0.053548
0 0.961502 0.614458 0.045369 0.064257
0 0.641566 0.351573 0.047063 0.051874
0 0.655403 0.376004 0.046498 0.042503
0 0.686653 0.380187 0.043486 0.049531
0 0.676393 0.341700 0.043298 0.047523
1 0.713761 0.333835 0.042357 0.032463
0 0.751788 0.320616 0.041604 0.041499
0 0.696066 0.411312 0.042733 0.046185
0 0.721291 0.408969 0.046498 0.035475
0 0.749906 0.399431 0.044992 0.045850
0 0.793769 0.392570 0.050640 0.033467
0 0.833396 0.425870 0.042922 0.053882
0 0.867658 0.417671 0.045181 0.038822
0 0.891755 0.446452 0.039533 0.048193
0 0.931288 0.443775 0.042922 0.046185
0 0.717526 0.460676 0.043110 0.057229
0 0.737199 0.445281 0.045557 0.040495
0 0.762048 0.475904 0.044804 0.048862
0 0.794239 0.492637 0.048946 0.048862
0 0.817489 0.522590 0.050264 0.052544
0 0.841679 0.514893 0.048193 0.051205
