0 0.948795 0.505355 0.037274 0.036814
0 0.916227 0.490797 0.030873 0.027778
0 0.913309 0.506526 0.028050 0.019076
0 0.887613 0.486446 0.035392 0.040495
0 0.853163 0.487450 0.037651 0.034471
0 0.865776 0.361613 0.038404 0.031124
0 0.849209 0.388889 0.036145 0.029451
0 0.846950 0.398762 0.035392 0.027778
0 0.817112 0.388554 0.034074 0.041499
0 0.788215 0.402778 0.038780 0.037818
1 0.830949 0.506024 0.038404 0.030120
0 0.820407 0.476071 0.036898 0.037149
0 0.799981 0.511212 0.040474 0.031124
0 0.766190 0.505187 0.044428 0.039826
0 0.778991 0.481091 0.037274 0.036479
0 0.744917 0.476406 0.037274 0.034471
0 0.727880 0.512048 0.040851 0.034806
0 0.751035 0.419009 0.038592 0.036814
0 0.727504 0.438253 0.039721 0.032463
0 0.692865 0.496486 0.042357 0.037149
0 0.696348 0.580489 0.041416 0.035810
0 0.664157 0.580154 0.042545 0.035141
0 0.650038 0.509036 0.042169 0.032129
0 0.694371 0.437751 0.031438 0.034137
0 0.651073 0.450803 0.040474 0.028112
0 0.665192 0.447289 0.033697 0.029116
0 0.633095 0.553715 0.039157 0.040495
0 0.614834 0.512718 0.038780 0.029451
0 0.597609 0.554050 0.039721 0.043173
0 0.556099 0.537316 0.042545 0.037149
0 0.605422 0.421017 0.042922 0.036814
0 0.576995 0.414157 0.040286 0.035141
0 0.553087 0.443106 0.040663 0.044177
0 0.579819 0.520582 0.040286 0.028447
0 0.521461 0.548527 0.042545 0.039491
0 0.516566 0.443440 0.038404 0.037483
0 0.486446 0.464859 0.038027 0.041499
0 0.447572 0.472557 0.040098 0.037483
0 0.472233 0.495147 0.037462 0.027108
0 0.496894 0.520080 0.037839 0.029451
0 0.493223 0.608936 0.041792 0.033133
0 0.453784 0.601238 0.041604 0.031794
0 0.426393 0.507530 0.037274 0.037149
0 0.409262 0.527443 0.038027 0.034806
0 0.416039 0.562918 0.042545 0.030790
0 0.410862 0.590696 0.044239 0.041499
0 0.388178 0.506526 0.041416 0.039157
0 0.389025 0.550033 0.040851 0.033802
0 0.367941 0.576138 0.041604 0.034471
0 0.355233 0.541332 0.039910 0.027778
1 0.328690 0.563588 0.042545 0.032798
0 0.325395 0.508869 0.040098 0.032463
0 0.287086 0.456325 0.045557 0.037149
0 0.291792 0.509036 0.041416 0.032129
0 0.285862 0.557396 0.044992 0.030455
0 0.266849 0.554719 0.042357 0.029786
0 0.251318 0.479418 0.042169 0.039157
0 0.248212 0.513554 0.046875 0.029116
0 0.211879 0.489793 0.040098 0.041834
0 0.171216 0.507697 0.043863 0.031459
0 0.130083 0.510207 0.040286 0.042503
