0 0.976374 0.538487 0.026544 0.045515
0 0.958867 0.506191 0.026167 0.039157
0 0.937312 0.470884 0.028238 0.035475
0 0.911333 0.457664 0.031250 0.033133
0 0.878671 0.449297 0.030309 0.037149
0 0.849398 0.447959 0.027108 0.028447
0 0.827184 0.441767 0.029367 0.024766
0 0.864081 0.352744 0.028991 0.032129
0 0.848268 0.342369 0.032003 0.030790
0 0.822854 0.349063 0.032756 0.028782
0 0.793298 0.364960 0.035768 0.026439
0 0.758189 0.377175 0.031815 0.021419
0 0.734752 0.377008 0.032756 0.022423
0 0.883001 0.762216 0.019390 0.072624
0 0.864364 0.724230 0.020520 0.066934
0 0.863705 0.663822 0.028238 0.052544
0 0.845821 0.606593 0.033509 0.051205
0 0.826525 0.559906 0.034074 0.037483
0 0.813159 0.602075 0.032568 0.036814
0 0.805158 0.443273 0.025602 0.029116
0 0.780968 0.441767 0.032944 0.034806
0 0.755553 0.449967 0.033697 0.023762
0 0.791886 0.572791 0.030685 0.034471
0 0.794051 0.525100 0.029367 0.040830
0 0.774379 0.521084 0.029179 0.032798
0 0.772026 0.541165 0.036898 0.028782
0 0.739552 0.517236 0.035956 0.033133
0 0.763931 0.491633 0.033133 0.038822
0 0.719409 0.606258 0.038968 0.038487
0 0.717903 0.692771 0.031062 0.049531
0 0.701148 0.663655 0.031062 0.037483
0 0.671310 0.636546 0.033133 0.038822
0 0.637613 0.607262 0.032380 0.042503
0 0.698513 0.569444 0.033321 0.036479
0 0.670463 0.559070 0.033697 0.041165
0 0.646367 0.522256 0.035580 0.026439
0 0.603257 0.579819 0.033321 0.042503
0 0.602692 0.673025 0.034827 0.033467
0 0.572666 0.637048 0.038780 0.031124
0 0.553276 0.716198 0.032003 0.049531
0 0.527673 0.696452 0.027108 0.042169
0 0.544239 0.605924 0.034262 0.028447
0 0.574831 0.555221 0.029179 0.040830
0 0.614458 0.511212 0.035392 0.031124
0 0.693995 0.473896 0.031438 0.029451
0 0.734469 0.430723 0.035956 0.024096
0 0.714420 0.417671 0.030120 0.022088
0 0.700584 0.391232 0.028426 0.020750
0 0.678276 0.385877 0.027485 0.030120
0 0.663686 0.391399 0.034827 0.030455
0 0.662651 0.456158 0.033886 0.024096
0 0.635166 0.433902 0.033886 0.022423
0 0.614081 0.417671 0.031627 0.022088
0 0.611163 0.392236 0.034827 0.022758
0 0.629518 0.372657 0.032380 0.020415
0 0.641943 0.346888 0.038027 0.027778
0 0.593279 0.418675 0.032944 0.034137
0 0.583396 0.485107 0.037651 0.031124
0 0.544522 0.535643 0.031062 0.037149
0 0.519672 0.524096 0.029556 0.042169
0 0.551770 0.455321 0.037651 0.030455
0 0.570689 0.393407 0.032568 0.026439
0 0.537839 0.388052 0.032003 0.025770
0 0.549228 0.415495 0.028426 0.024431
0 0.499623 0.669009 0.033133 0.044846
0 0.467809 0.640228 0.030873 0.045515
0 0.467056 0.796352 0.028991 0.053882
0 0.443618 0.759538 0.024661 0.042503
0 0.420934 0.711680 0.033133 0.038487
0 0.388837 0.674531 0.032568 0.045181
0 0.359657 0.664993 0.033321 0.038153
0 0.363328 0.632363 0.034262 0.036479
0 0.438441 0.609772 0.027861 0.043507
0 0.409639 0.590529 0.033133 0.037149
0 0.507718 0.576807 0.035392 0.032463
0 0.467432 0.543340 0.033886 0.028447
0 0.498588 0.516734 0.029932 0.038822
0 0.512236 0.452477 0.034262 0.027443
0 0.495482 0.426874 0.036145 0.020415
0 0.471291 0.432898 0.036709 0.024431
0 0.482022 0.464023 0.036709 0.028447
0 0.453407 0.462684 0.030685 0.031794
0 0.422816 0.509203 0.036521 0.033133
0 0.459808 0.416667 0.036333 0.026104
0 0.393637 0.513052 0.025979 0.043507
0 0.371988 0.560576 0.034262 0.038822
0 0.352880 0.554886 0.026920 0.039491
0 0.323513 0.584839 0.037839 0.036479
0 0.329537 0.648929 0.028050 0.040830
0 0.310053 0.626004 0.029367 0.047189
0 0.370294 0.485442 0.032003 0.027108
0 0.410109 0.472222 0.032191 0.032129
0 0.381495 0.465361 0.030309 0.026439
0 0.353822 0.464859 0.040474 0.021419
0 0.304123 0.540663 0.032944 0.033802
0 0.294804 0.509705 0.035392 0.030790
0 0.282568 0.601071 0.031250 0.048862
0 0.251600 0.562751 0.037462 0.042503
0 0.272214 0.548695 0.029744 0.025100
0 0.274096 0.519578 0.027861 0.041834
0 0.270896 0.482095 0.037651 0.028447
0 0.339420 0.423862 0.031627 0.028447
0 0.319748 0.422691 0.030309 0.026774
0 0.305158 0.429050 0.030873 0.023427
0 0.244635 0.487450 0.034074 0.028447
0 0.251883 0.523092 0.033509 0.024766
0 0.213102 0.542671 0.035768 0.027778
0 0.180723 0.552878 0.039910 0.037483
0 0.242941 0.513889 0.035203 0.030455
0 0.208867 0.500669 0.038968 0.034137
0 0.233057 0.490964 0.034639 0.027443
0 0.152485 0.522088 0.036521 0.032798
0 0.131965 0.532129 0.032380 0.030790
0 0.183358 0.510710 0.036898 0.024766
0 0.169522 0.492637 0.041227 0.032129
0 0.177993 0.445281 0.031815 0.027108
0 0.151920 0.451473 0.027861 0.028782
0 0.132624 0.467537 0.034827 0.029451
0 0.098080 0.507028 0.037651 0.029451
0 0.055817 0.521586 0.038968 0.031124
0 0.083867 0.516232 0.045369 0.029116
