0 0.056194 0.460843 0.038215 0.043507
0 0.084714 0.451975 0.036898 0.030455
0 0.093091 0.459003 0.039345 0.035810
0 0.119258 0.473059 0.038215 0.037818
0 0.144014 0.480589 0.036521 0.048862
0 0.185241 0.493307 0.045181 0.031459
0 0.213950 0.511546 0.043110 0.028447
0 0.238705 0.527108 0.048569 0.028782
0 0.261766 0.542671 0.042733 0.026439
0 0.279932 0.572289 0.038027 0.040161
0 0.306382 0.574632 0.039345 0.036145
0 0.172816 0.447122 0.039157 0.032798
1 0.199642 0.448126 0.043110 0.032129
0 0.222233 0.470549 0.037839 0.037483
0 0.208020 0.480254 0.038404 0.033467
0 0.243317 0.486948 0.030309 0.028112
0 0.270425 0.500837 0.031438 0.035810
0 0.295557 0.507865 0.038027 0.035141
0 0.325772 0.526606 0.035580 0.033133
0 0.354951 0.534973 0.037462 0.039157
0 0.378577 0.535977 0.037274 0.040495
0 0.402203 0.535308 0.037462 0.039157
0 0.137519 0.401104 0.038215 0.035810
0 0.159827 0.389558 0.036898 0.033467
0 0.179311 0.375837 0.032568 0.022758
0 0.190512 0.385710 0.035015 0.029116
0 0.221574 0.373829 0.035392 0.040161
0 0.241246 0.384705 0.038968 0.038487
0 0.257812 0.363454 0.036333 0.036814
0 0.270614 0.379183 0.037086 0.047523
0 0.306382 0.367303 0.038968 0.035141
0 0.293581 0.387383 0.034450 0.032463
0 0.313159 0.393909 0.042357 0.028112
0 0.341209 0.364123 0.040474 0.032129
0 0.360128 0.326975 0.038027 0.035475
0 0.332078 0.414993 0.039533 0.040830
0 0.348550 0.402108 0.034074 0.037818
0 0.368976 0.389056 0.036145 0.037149
0 0.392037 0.362952 0.036709 0.037818
0 0.385542 0.326305 0.029744 0.040830
0 0.414157 0.302376 0.031250 0.039157
0 0.435712 0.297691 0.034074 0.034471
0 0.454160 0.305054 0.036709 0.029116
0 0.429499 0.361278 0.040851 0.040495
0 0.455572 0.336011 0.037651 0.040830
0 0.489740 0.322624 0.037086 0.040161
0 0.511201 0.300368 0.031815 0.036479
1 0.535392 0.300033 0.028614 0.041165
0 0.367093 0.448126 0.039157 0.026774
0 0.378859 0.486111 0.034074 0.047189
0 0.399379 0.490629 0.026544 0.042838
0 0.419710 0.502175 0.036709 0.039826
0 0.418769 0.443775 0.043863 0.036145
0 0.440794 0.437584 0.039721 0.036479
0 0.478822 0.424029 0.041227 0.029451
0 0.486163 0.481091 0.043110 0.035810
1 0.458114 0.449130 0.036709 0.017403
0 0.528709 0.479250 0.040851 0.041499
0 0.561276 0.501506 0.041604 0.042503
0 0.587255 0.506693 0.039345 0.045515
0 0.619258 0.524096 0.038968 0.036814
0 0.635260 0.511212 0.038215 0.031794
0 0.478351 0.362952 0.037651 0.035810
0 0.510542 0.355589 0.029367 0.042503
0 0.485787 0.378347 0.027673 0.031124
0 0.513931 0.367470 0.027108 0.025435
0 0.493599 0.410308 0.041416 0.030790
0 0.520425 0.413153 0.034450 0.023762
0 0.525414 0.393072 0.037274 0.032463
0 0.551864 0.405455 0.036709 0.023092
0 0.570877 0.398762 0.040851 0.031124
0 0.544051 0.349900 0.033886 0.034471
0 0.564665 0.359605 0.040474 0.029116
0 0.590832 0.375837 0.038592 0.034137
0 0.577278 0.338019 0.034450 0.026774
0 0.599115 0.334672 0.026544 0.025435
0 0.606834 0.351573 0.042733 0.039157
0 0.631777 0.321285 0.035768 0.032798
0 0.641943 0.368307 0.039533 0.036479
0 0.657285 0.321954 0.031438 0.037483
0 0.681852 0.313086 0.031250 0.029116
0 0.671875 0.350736 0.039910 0.040830
0 0.697007 0.360442 0.038592 0.031459
0 0.727127 0.346720 0.040098 0.032798
0 0.744258 0.343206 0.032191 0.031124
0 0.705102 0.313755 0.029932 0.042503
0 0.718656 0.323293 0.036709 0.031459
0 0.604763 0.441265 0.042357 0.037818
0 0.626318 0.428046 0.040286 0.032798
0 0.649285 0.438420 0.041416 0.030120
0 0.670463 0.456493 0.038592 0.026774
0 0.676864 0.486111 0.042357 0.045850
0 0.714608 0.471553 0.039910 0.044177
0 0.756401 0.474732 0.041792 0.029116
0 0.789533 0.490797 0.041792 0.031794
0 0.814288 0.505689 0.038968 0.024766
0 0.843656 0.522925 0.038215 0.025770
0 0.856363 0.555890 0.040286 0.043507
0 0.704066 0.535643 0.037274 0.051205
0 0.755365 0.525268 0.041227 0.034471
0 0.797534 0.545683 0.038592 0.031124
0 0.738328 0.569277 0.038780 0.048862
0 0.754424 0.558735 0.041227 0.040495
0 0.781438 0.553715 0.033886 0.039157
0 0.773343 0.614458 0.039910 0.055556
0 0.812312 0.630355 0.041416 0.056560
0 0.820877 0.584003 0.034827 0.047523
0 0.840738 0.616801 0.038780 0.044177
0 0.844974 0.667503 0.042733 0.049197
0 0.877918 0.685743 0.031438 0.038822
0 0.871047 0.638052 0.030120 0.043842
0 0.892790 0.654284 0.034450 0.044177
0 0.923099 0.669009 0.035203 0.048862
0 0.919522 0.642905 0.038215 0.031459
0 0.899096 0.730254 0.041416 0.050870
0 0.927240 0.756861 0.038215 0.057898
