0 0.060900 0.425870 0.032191 0.037818
0 0.038121 0.430556 0.033697 0.037818
0 0.087632 0.451305 0.036333 0.038487
0 0.152391 0.489793 0.043863 0.042503
0 0.195689 0.460174 0.035956 0.046185
0 0.215173 0.484940 0.035015 0.039491
0 0.193524 0.507363 0.038027 0.045515
0 0.229480 0.536981 0.036145 0.043173
0 0.266096 0.555054 0.038968 0.041165
0 0.240681 0.450971 0.030685 0.033133
0 0.267696 0.431058 0.036898 0.029451
0 0.290474 0.437249 0.036898 0.030455
0 0.295840 0.566265 0.043863 0.033467
0 0.271743 0.468206 0.040474 0.030120
0 0.304217 0.457999 0.038780 0.029116
0 0.307229 0.487450 0.039157 0.035141
0 0.359469 0.485442 0.043110 0.033133
0 0.325019 0.514558 0.041227 0.044511
0 0.323889 0.556225 0.033697 0.050201
0 0.337538 0.436580 0.033886 0.029116
0 0.357587 0.433400 0.037086 0.027443
0 0.385636 0.440930 0.037839 0.029786
0 0.383189 0.507530 0.039345 0.041165
0 0.414533 0.486948 0.040286 0.033467
0 0.372741 0.552544 0.038780 0.034137
0 0.376788 0.596051 0.036333 0.045515
0 0.396461 0.591867 0.032756 0.042503
0 0.418863 0.605924 0.031250 0.039157
0 0.439006 0.628179 0.027861 0.052878
0 0.463479 0.631024 0.034262 0.043173
0 0.486728 0.642068 0.034450 0.035810
0 0.521273 0.651941 0.038404 0.043507
0 0.555158 0.660977 0.035015 0.045515
0 0.434300 0.512216 0.039533 0.039826
0 0.454443 0.493307 0.035392 0.032129
0 0.475998 0.497490 0.035580 0.029116
0 0.495105 0.504853 0.036521 0.033133
0 0.517978 0.513554 0.040098 0.036479
0 0.529744 0.480254 0.035392 0.029451
0 0.550264 0.479752 0.026355 0.033133
0 0.419239 0.451305 0.039157 0.037818
0 0.449548 0.438253 0.038780 0.034471
0 0.482963 0.455656 0.041604 0.037818
0 0.507907 0.435743 0.038027 0.040161
0 0.535203 0.442269 0.033886 0.043173
0 0.564288 0.421687 0.038592 0.034806
0 0.576054 0.475736 0.031627 0.032463
0 0.587914 0.484270 0.031250 0.030790
0 0.583208 0.669679 0.037651 0.046185
0 0.605892 0.686412 0.036333 0.052209
0 0.628577 0.684404 0.042545 0.040161
0 0.539910 0.615629 0.034639 0.044511
0 0.562782 0.615629 0.033321 0.041165
0 0.590644 0.620482 0.040474 0.041499
0 0.591585 0.605254 0.034074 0.038487
0 0.614270 0.589692 0.040663 0.035475
0 0.633283 0.622992 0.040286 0.041165
0 0.662462 0.632697 0.038780 0.038487
0 0.684864 0.625837 0.041792 0.046185
0 0.718562 0.635877 0.042922 0.034806
0 0.747553 0.627510 0.039910 0.044177
0 0.617282 0.484772 0.039533 0.023762
0 0.641849 0.477242 0.035203 0.035475
0 0.674605 0.469043 0.036333 0.036479
0 0.699925 0.466700 0.035392 0.036479
0 0.728633 0.460676 0.036333 0.033133
0 0.757248 0.457162 0.039721 0.030120
0 0.648720 0.543340 0.041039 0.037149
0 0.662180 0.543675 0.034074 0.031794
0 0.677052 0.557062 0.041227 0.028447
0 0.701431 0.567771 0.039157 0.041165
0 0.786709 0.644076 0.039533 0.035141
1 0.717997 0.579819 0.038027 0.033802
0 0.736540 0.575134 0.042733 0.033133
0 0.762707 0.562751 0.041980 0.039157
0 0.797252 0.561412 0.043298 0.043173
0 0.823513 0.551372 0.043486 0.037818
0 0.759507 0.489123 0.030685 0.042503
0 0.775791 0.507028 0.027861 0.038153
0 0.801864 0.499833 0.032944 0.031794
0 0.810523 0.450469 0.034827 0.040830
0 0.844315 0.438086 0.035015 0.048862
0 0.823325 0.520582 0.040474 0.029116
0 0.831231 0.499665 0.037839 0.025435
0 0.857775 0.551539 0.035203 0.042838
0 0.876035 0.543005 0.033321 0.037818
0 0.900132 0.559404 0.039345 0.039157
0 0.866623 0.491466 0.039721 0.030455
0 0.887331 0.470716 0.040474 0.031794
0 0.927993 0.444779 0.040098 0.038153
0 0.954631 0.432062 0.039533 0.026104
0 0.973080 0.396586 0.035768 0.043507
0 0.869352 0.408133 0.030120 0.045181
0 0.901544 0.397088 0.030873 0.047858
0 0.923475 0.360274 0.033697 0.043842
0 0.946066 0.361613 0.029179 0.034471
