0 0.057700 0.278280 0.038215 0.033133
0 0.088761 0.305723 0.032944 0.029786
0 0.101657 0.248494 0.032003 0.025770
0 0.112669 0.308400 0.034074 0.026439
0 0.136013 0.303213 0.035203 0.040830
0 0.160015 0.302878 0.038027 0.031459
0 0.140625 0.255857 0.037651 0.030455
0 0.121894 0.270582 0.035203 0.027778
0 0.179311 0.332162 0.035203 0.037149
0 0.201619 0.333501 0.035768 0.026439
0 0.160486 0.213521 0.036709 0.026774
0 0.255742 0.335007 0.037462 0.028782
0 0.282003 0.387718 0.033886 0.044511
0 0.230516 0.333333 0.034450 0.030790
0 0.224586 0.264893 0.036145 0.030455
0 0.235316 0.301037 0.025226 0.036479
0 0.198889 0.209505 0.032568 0.030120
0 0.204537 0.219712 0.031438 0.025100
0 0.218468 0.219712 0.031062 0.031124
0 0.256306 0.308902 0.029932 0.048862
0 0.259507 0.272256 0.035956 0.025770
0 0.241529 0.226071 0.037274 0.029116
0 0.306099 0.258534 0.036898 0.029786
0 0.274473 0.297189 0.029744 0.040830
0 0.301487 0.322959 0.033697 0.036814
0 0.289062 0.293173 0.030685 0.026104
0 0.307511 0.308233 0.031815 0.028112
0 0.331796 0.323293 0.035956 0.025435
0 0.328407 0.428380 0.034450 0.042838
0 0.276261 0.229752 0.035956 0.024431
0 0.290098 0.207497 0.037651 0.027443
0 0.344221 0.205321 0.034827 0.028447
0 0.316642 0.218541 0.028991 0.016734
0 0.318524 0.281794 0.030120 0.033467
0 0.343091 0.282631 0.033321 0.039826
0 0.347515 0.363788 0.038027 0.032798
0 0.388366 0.386379 0.034262 0.034471
0 0.323889 0.244478 0.034450 0.020415
0 0.351374 0.234103 0.035956 0.025100
0 0.392508 0.230589 0.037274 0.026104
0 0.366999 0.259705 0.033321 0.038153
0 0.372270 0.227744 0.035580 0.029116
0 0.359093 0.461847 0.029556 0.049531
0 0.388554 0.200469 0.035015 0.030120
0 0.411427 0.194277 0.031815 0.029116
0 0.435712 0.212182 0.037086 0.029451
0 0.389119 0.249331 0.029744 0.019411
0 0.407850 0.259203 0.033321 0.033133
0 0.429405 0.268240 0.033886 0.031794
0 0.384130 0.496486 0.026544 0.051874
0 0.409639 0.520415 0.023720 0.049531
0 0.429970 0.551037 0.027485 0.056560
0 0.459149 0.582497 0.028991 0.047858
0 0.418486 0.428548 0.030873 0.039826
0 0.443618 0.464525 0.031815 0.043507
0 0.463855 0.503012 0.030497 0.039491
0 0.483340 0.547523 0.029932 0.044846
0 0.428087 0.299531 0.036898 0.027443
0 0.443618 0.328648 0.033697 0.031459
0 0.466679 0.331158 0.031627 0.032463
0 0.464326 0.362282 0.029932 0.033133
0 0.482116 0.353581 0.032003 0.033802
0 0.448795 0.279116 0.030120 0.029451
0 0.472515 0.276774 0.032003 0.029451
0 0.454255 0.220716 0.034262 0.031794
0 0.466303 0.227744 0.032003 0.031794
1 0.493694 0.234270 0.031815 0.040161
1 0.520896 0.206827 0.036521 0.040830
0 0.556382 0.212684 0.036709 0.033802
0 0.514684 0.261044 0.039157 0.032129
0 0.548663 0.273594 0.038968 0.034471
0 0.507624 0.388889 0.032191 0.033467
0 0.527108 0.395750 0.034262 0.036479
0 0.550075 0.401104 0.032003 0.041165
0 0.572948 0.411814 0.030685 0.031794
0 0.596856 0.414826 0.031062 0.041834
0 0.621235 0.417336 0.036521 0.030120
0 0.489928 0.294511 0.028803 0.032798
0 0.474586 0.305388 0.030120 0.027778
0 0.525508 0.320114 0.032568 0.030455
0 0.544522 0.332831 0.035956 0.027108
0 0.590079 0.199130 0.033697 0.030790
0 0.621047 0.196452 0.032756 0.034137
0 0.648720 0.192269 0.033133 0.031124
0 0.580666 0.266232 0.036709 0.031124
0 0.609657 0.271921 0.043863 0.031794
0 0.638460 0.259538 0.035580 0.025100
0 0.663215 0.265060 0.041792 0.028782
0 0.668675 0.435074 0.041039 0.034806
0 0.706325 0.457162 0.038780 0.030120
0 0.744258 0.474230 0.033697 0.040161
0 0.775791 0.501004 0.032756 0.043507
0 0.811841 0.522088 0.037462 0.038153
0 0.567206 0.306560 0.035768 0.028782
0 0.600527 0.303882 0.037274 0.034137
0 0.631777 0.311580 0.041039 0.030120
0 0.659921 0.321954 0.035956 0.027443
0 0.684676 0.333835 0.036521 0.025100
0 0.541698 0.457664 0.034827 0.039157
0 0.560712 0.478414 0.035580 0.033802
0 0.570783 0.506526 0.039533 0.043173
0 0.590173 0.543173 0.037651 0.032798
0 0.624341 0.514558 0.038592 0.029116
0 0.648155 0.530120 0.035768 0.024766
0 0.601845 0.584170 0.025979 0.049866
0 0.616340 0.612617 0.027861 0.059906
0 0.673193 0.539491 0.039533 0.026104
0 0.715644 0.567102 0.038215 0.031794
0 0.642319 0.603414 0.021461 0.052878
0 0.644108 0.639726 0.034074 0.047189
0 0.670369 0.683400 0.030873 0.056225
0 0.705478 0.722892 0.031815 0.053548
0 0.731834 0.773260 0.032191 0.046519
0 0.758848 0.810241 0.036898 0.049531
0 0.781627 0.859438 0.032756 0.058902
0 0.735128 0.598728 0.035015 0.035475
0 0.676017 0.559739 0.037274 0.021084
0 0.693242 0.582497 0.029932 0.019746
0 0.758377 0.625837 0.033697 0.033467
0 0.662556 0.616968 0.024285 0.049197
0 0.677993 0.643072 0.029556 0.047858
0 0.695783 0.646586 0.028991 0.050201
0 0.714044 0.673695 0.029367 0.048862
0 0.732869 0.693942 0.029367 0.049866
0 0.767884 0.719378 0.036145 0.049866
0 0.797816 0.752343 0.034262 0.044846
0 0.757436 0.651606 0.034450 0.035475
0 0.779462 0.669679 0.032191 0.034137
0 0.800734 0.654451 0.035203 0.035810
0 0.829537 0.682062 0.036333 0.036145
0 0.804688 0.693106 0.034827 0.031459
0 0.823983 0.720716 0.039533 0.043173
0 0.834526 0.790328 0.035015 0.049197
0 0.859375 0.811580 0.028238 0.056894
0 0.891002 0.843373 0.028991 0.051539
0 0.908321 0.854585 0.041039 0.046519
0 0.857775 0.753012 0.041604 0.042838
0 0.884130 0.783300 0.040474 0.047189
0 0.920651 0.792169 0.049887 0.041499
0 0.935806 0.830656 0.044051 0.045515
0 0.960843 0.859438 0.035768 0.044177
0 0.887707 0.723226 0.037462 0.036145
0 0.861540 0.690428 0.039721 0.025435
