0 0.106175 0.490797 0.060241 0.053213
0 0.157380 0.469545 0.053840 0.039491
0 0.158791 0.520750 0.051017 0.026774
0 0.171781 0.507363 0.075113 0.052878
0 0.208867 0.460676 0.049511 0.037818
0 0.246047 0.454317 0.052334 0.038487
0 0.275885 0.449967 0.049511 0.036479
0 0.223645 0.518072 0.058358 0.048862
0 0.269202 0.522256 0.060994 0.040495
0 0.303558 0.461345 0.052899 0.035810
0 0.317300 0.508367 0.058923 0.048862
0 0.333396 0.465027 0.054970 0.044511
0 0.365587 0.515395 0.059488 0.038822
0 0.377918 0.446954 0.056664 0.037818
0 0.407662 0.502343 0.059676 0.054217
0 0.414439 0.451305 0.058547 0.035810
0 0.454255 0.483434 0.057982 0.061914
0 0.467997 0.441767 0.057229 0.038822
0 0.491246 0.456493 0.048758 0.034806
0 0.522026 0.479250 0.057229 0.058233
0 0.557417 0.426372 0.057229 0.050870
0 0.519296 0.452979 0.063065 0.045181
0 0.561088 0.514726 0.058923 0.057564
0 0.617846 0.511212 0.067395 0.044511
0 0.633848 0.488119 0.062877 0.035141
0 0.603539 0.475904 0.056852 0.034137
0 0.665098 0.469880 0.062500 0.051539
0 0.681570 0.532631 0.064571 0.066600
0 0.720162 0.466365 0.059300 0.049197
0 0.733622 0.532296 0.067395 0.053213
0 0.785862 0.559572 0.070218 0.063588
0 0.769390 0.496821 0.062877 0.061914
0 0.819371 0.493976 0.061935 0.060241
0 0.870105 0.500335 0.052334 0.058902
0 0.916604 0.506861 0.054217 0.058568
