0 0.975904 0.467537 0.038027 0.038153
0 0.938253 0.456995 0.039910 0.035810
0 0.969597 0.383869 0.038592 0.034137
0 0.938535 0.386379 0.034074 0.030455
0 0.910015 0.382697 0.039533 0.031794
0 0.914627 0.427544 0.042357 0.027108
0 0.878389 0.411312 0.040286 0.030120
0 0.870858 0.379183 0.042545 0.029451
0 0.850433 0.394913 0.041227 0.027443
0 0.835749 0.364290 0.044239 0.032463
0 0.790286 0.362617 0.042545 0.031124
0 0.794334 0.379183 0.043863 0.029451
0 0.870858 0.546185 0.042545 0.042838
0 0.834620 0.538989 0.038592 0.042503
0 0.800922 0.526272 0.036709 0.045181
0 0.827090 0.502510 0.046875 0.030455
0 0.761578 0.505355 0.043110 0.042838
0 0.725433 0.614123 0.042357 0.040830
0 0.684488 0.579987 0.044804 0.052878
0 0.647684 0.568440 0.041227 0.050535
0 0.729669 0.471720 0.040286 0.045181
0 0.796781 0.474063 0.044992 0.031124
0 0.761954 0.452644 0.041980 0.030455
0 0.686465 0.456660 0.038968 0.041834
0 0.753765 0.383869 0.042922 0.032798
0 0.730798 0.375335 0.038027 0.031124
0 0.703596 0.396084 0.039721 0.032463
0 0.733528 0.427209 0.041980 0.031124
0 0.701995 0.385877 0.044804 0.032798
0 0.655779 0.419846 0.044992 0.042503
0 0.610505 0.528949 0.034262 0.055221
0 0.611352 0.498996 0.044616 0.037483
0 0.576619 0.495817 0.037274 0.055890
0 0.582549 0.459839 0.037839 0.028112
0 0.623682 0.416834 0.037651 0.033802
0 0.598739 0.396586 0.035956 0.033467
0 0.576713 0.387216 0.041604 0.038153
0 0.664251 0.370315 0.041604 0.026439
0 0.653614 0.339525 0.040663 0.026439
0 0.628294 0.331493 0.038215 0.031124
0 0.607869 0.316432 0.041039 0.035141
0 0.551393 0.458835 0.042922 0.034806
0 0.548663 0.433066 0.038968 0.032129
0 0.527579 0.432731 0.034450 0.038822
0 0.524285 0.652276 0.027861 0.062249
0 0.498682 0.622323 0.021461 0.063253
0 0.478351 0.594545 0.020331 0.065261
0 0.448607 0.549197 0.031627 0.066265
0 0.427993 0.505020 0.040474 0.051539
0 0.504424 0.440428 0.027673 0.052878
0 0.512895 0.408300 0.038592 0.030120
0 0.556288 0.354418 0.039533 0.033467
0 0.539062 0.324297 0.036333 0.033467
0 0.520708 0.355589 0.035015 0.040495
0 0.483998 0.436580 0.033133 0.051205
0 0.478257 0.393240 0.039345 0.038153
0 0.390154 0.474398 0.038215 0.045850
0 0.367941 0.422356 0.042733 0.042838
0 0.349492 0.397758 0.038968 0.031124
0 0.328596 0.410308 0.040098 0.043507
0 0.455949 0.422691 0.035015 0.046854
0 0.447007 0.376673 0.038968 0.031124
0 0.434206 0.404284 0.038968 0.038153
0 0.407944 0.383701 0.040286 0.043173
0 0.367564 0.369143 0.034827 0.047523
0 0.385542 0.362784 0.031627 0.038822
0 0.434111 0.355589 0.040286 0.027778
0 0.413215 0.348896 0.040663 0.031124
0 0.379612 0.335509 0.043486 0.027778
0 0.313724 0.378012 0.036709 0.025770
0 0.285862 0.375502 0.036333 0.030120
0 0.357210 0.312918 0.041604 0.028112
1 0.341491 0.304552 0.038780 0.028782
0 0.323889 0.304719 0.036333 0.036479
0 0.311088 0.304719 0.043110 0.033802
0 0.279838 0.303548 0.038215 0.038822
0 0.248023 0.308735 0.046498 0.039826
0 0.266190 0.379183 0.041792 0.032798
0 0.255930 0.406794 0.044616 0.039826
0 0.224021 0.395750 0.039533 0.039826
0 0.230986 0.345549 0.042169 0.031124
0 0.199548 0.358099 0.035015 0.032798
0 0.196536 0.390228 0.039910 0.036814
0 0.203407 0.297021 0.045369 0.030455
0 0.190889 0.445783 0.032003 0.042838
0 0.214044 0.472724 0.034639 0.041165
0 0.218938 0.508701 0.034639 0.056894
0 0.223550 0.546854 0.030685 0.061580
0 0.248306 0.570950 0.032756 0.055556
0 0.279085 0.628179 0.039345 0.052878
0 0.294616 0.686914 0.030120 0.064592
0 0.319371 0.736948 0.029932 0.062249
0 0.326337 0.802376 0.020143 0.068608
0 0.353916 0.843876 0.032380 0.073963
0 0.160015 0.430221 0.019202 0.059906
0 0.159639 0.386546 0.037651 0.044177
0 0.159356 0.359940 0.035580 0.033133
0 0.162274 0.325971 0.039533 0.034137
0 0.121988 0.367805 0.039533 0.034806
0 0.110316 0.319110 0.037274 0.034471
0 0.068995 0.307731 0.037462 0.041165
