0 0.108622 0.400435 0.047063 0.057229
0 0.142225 0.447959 0.045369 0.055890
0 0.172910 0.498661 0.048758 0.059572
0 0.185900 0.557396 0.040851 0.067269
0 0.214703 0.566432 0.041980 0.072624
0 0.098927 0.367303 0.035580 0.042503
0 0.128294 0.368976 0.046498 0.043173
0 0.137989 0.408133 0.042922 0.051874
0 0.179311 0.427544 0.044239 0.055221
0 0.198701 0.434237 0.047252 0.049197
0 0.215832 0.455154 0.046498 0.036145
0 0.221762 0.469210 0.032756 0.032798
0 0.251412 0.499498 0.037086 0.049197
0 0.280215 0.518407 0.039345 0.054886
0 0.197383 0.375167 0.047252 0.034137
0 0.235222 0.401941 0.044992 0.036814
0 0.218373 0.410643 0.035768 0.033467
0 0.310429 0.546687 0.044428 0.057229
0 0.335938 0.554552 0.041227 0.050870
0 0.356175 0.580154 0.039533 0.053213
0 0.379424 0.585676 0.038968 0.053548
0 0.283415 0.454819 0.052899 0.045515
0 0.335561 0.489123 0.051017 0.043173
0 0.280591 0.433902 0.048005 0.033133
0 0.378106 0.533300 0.044616 0.044511
0 0.409639 0.561245 0.046310 0.034137
0 0.437782 0.593876 0.049511 0.038487
0 0.321724 0.430723 0.044428 0.044177
0 0.340173 0.411647 0.047816 0.034137
0 0.376318 0.441767 0.053464 0.038153
0 0.395708 0.497490 0.039533 0.045181
0 0.403897 0.485442 0.042733 0.028447
0 0.417828 0.530622 0.034827 0.064592
0 0.445030 0.536981 0.037274 0.058568
0 0.463950 0.510040 0.049134 0.040830
0 0.498682 0.552209 0.044051 0.051539
0 0.438818 0.445616 0.044428 0.051874
0 0.460938 0.473561 0.038592 0.046185
0 0.485410 0.471553 0.043863 0.046185
0 0.502071 0.494645 0.038027 0.036145
0 0.522214 0.479418 0.042922 0.057898
0 0.466303 0.627510 0.046687 0.032798
0 0.485975 0.660977 0.048005 0.042838
0 0.537180 0.576138 0.047628 0.043173
0 0.553934 0.624498 0.040474 0.054886
0 0.584526 0.616968 0.045557 0.035810
0 0.582549 0.635710 0.037462 0.046519
0 0.612481 0.657798 0.047252 0.055890
0 0.552805 0.468039 0.042733 0.029786
0 0.565136 0.493474 0.050828 0.031124
0 0.583396 0.534471 0.047440 0.051539
0 0.626412 0.537149 0.046498 0.056225
0 0.659827 0.566265 0.049322 0.051539
0 0.698889 0.566098 0.054029 0.040495
0 0.734657 0.605756 0.044616 0.063588
0 0.755459 0.605756 0.049322 0.058233
0 0.673852 0.501506 0.048005 0.042503
0 0.705102 0.504518 0.050264 0.045181
0 0.726657 0.501841 0.049699 0.039157
0 0.593091 0.387885 0.047252 0.034137
0 0.621235 0.389391 0.041039 0.039157
0 0.647684 0.388554 0.043863 0.032129
0 0.679029 0.394411 0.046687 0.037818
0 0.709808 0.403614 0.040474 0.047523
0 0.758001 0.499498 0.047252 0.033133
0 0.803087 0.529953 0.050075 0.045850
0 0.804311 0.481258 0.050264 0.048862
0 0.854669 0.491633 0.048193 0.029451
0 0.845162 0.535643 0.041980 0.037818
0 0.752353 0.396252 0.052146 0.030790
0 0.788121 0.401941 0.047252 0.042169
0 0.827090 0.405288 0.044616 0.037483
0 0.848833 0.404116 0.042545 0.029786
1 0.931382 0.504183 0.047628 0.039826
0 0.952090 0.514558 0.050264 0.041165
0 0.943053 0.553882 0.044616 0.035475
0 0.886860 0.542503 0.049322 0.032798
0 0.915757 0.548862 0.041980 0.038153
0 0.886672 0.484438 0.042922 0.028447
