0 0.483768 0.093279 0.025770 0.023908
0 0.494813 0.113140 0.027108 0.025226
0 0.504853 0.132907 0.027778 0.027108
0 0.490964 0.141002 0.029451 0.031250
0 0.491633 0.161992 0.030790 0.031062
0 0.517068 0.190418 0.028782 0.032944
0 0.518072 0.217150 0.034806 0.033697
0 0.524431 0.247835 0.032129 0.032568
0 0.547523 0.223739 0.018072 0.025038
0 0.548695 0.248682 0.025100 0.027861
0 0.529284 0.274473 0.023762 0.028614
0 0.563086 0.263554 0.023092 0.029367
0 0.585341 0.267508 0.018742 0.021461
0 0.573126 0.282003 0.022423 0.028614
0 0.578146 0.291039 0.023762 0.027861
0 0.547858 0.300169 0.030120 0.032191
0 0.520582 0.304970 0.028447 0.030497
0 0.530622 0.325960 0.022423 0.026167
0 0.560408 0.323983 0.025770 0.027861
0 0.582999 0.312123 0.023427 0.028614
0 0.598896 0.327937 0.023762 0.029367
0 0.562416 0.351092 0.027108 0.029367
0 0.593206 0.349868 0.023092 0.030309
0 0.521921 0.343373 0.027108 0.030497
0 0.502510 0.352410 0.028447 0.028991
0 0.496821 0.374812 0.027108 0.028238
0 0.551707 0.375282 0.025100 0.024661
0 0.587517 0.377071 0.025770 0.029744
0 0.550201 0.394767 0.023427 0.027485
0 0.578815 0.400791 0.021084 0.029367
0 0.604585 0.392413 0.029116 0.029932
0 0.596888 0.412180 0.025100 0.024661
0 0.549029 0.419239 0.025770 0.028614
0 0.569110 0.426581 0.022423 0.028991
0 0.596553 0.429217 0.028447 0.027485
0 0.548193 0.443995 0.019411 0.031062
0 0.553882 0.467526 0.020080 0.030309
0 0.541834 0.469880 0.023427 0.028614
0 0.519913 0.492376 0.025770 0.032191
1 0.490964 0.405497 0.029451 0.027861
0 0.466867 0.428276 0.028782 0.029367
0 0.465529 0.453596 0.031459 0.027297
0 0.438755 0.477692 0.032129 0.026920
0 0.436580 0.499435 0.031794 0.025979
0 0.422523 0.521273 0.026439 0.028614
0 0.599063 0.455572 0.030790 0.028991
0 0.594880 0.480610 0.029116 0.028991
0 0.577477 0.505742 0.022423 0.032191
0 0.558902 0.510448 0.028782 0.035203
0 0.569444 0.540098 0.024431 0.030120
0 0.551874 0.562218 0.030120 0.027297
0 0.546017 0.585373 0.030455 0.029179
0 0.522256 0.600809 0.029116 0.031062
0 0.621653 0.479480 0.024431 0.028991
0 0.626841 0.494541 0.020750 0.030120
1 0.622992 0.514119 0.021754 0.027108
0 0.610944 0.525414 0.027778 0.029744
0 0.587182 0.543016 0.026439 0.024285
0 0.601908 0.555535 0.023762 0.025979
0 0.592202 0.573230 0.025100 0.029744
0 0.571118 0.587726 0.026439 0.030497
0 0.556894 0.616340 0.032798 0.028991
0 0.539157 0.637707 0.030790 0.030309
1 0.538989 0.664533 0.022423 0.028991
0 0.515395 0.681570 0.028112 0.033321
0 0.626171 0.539157 0.022088 0.028238
0 0.636379 0.551581 0.023092 0.029744
0 0.616466 0.566453 0.028112 0.028238
0 0.612282 0.580290 0.026439 0.025038
0 0.608601 0.592809 0.025770 0.025979
0 0.608768 0.610316 0.023427 0.027108
0 0.616299 0.629706 0.025100 0.030497
0 0.601573 0.648908 0.027108 0.029744
0 0.602410 0.674228 0.030790 0.031062
0 0.601740 0.695595 0.030790 0.031250
0 0.597222 0.716114 0.029786 0.028614
1 0.580823 0.731081 0.025100 0.029556
0 0.666667 0.604575 0.023427 0.032944
0 0.662818 0.623682 0.027108 0.028614
0 0.655120 0.639495 0.025770 0.028991
0 0.647423 0.657944 0.025770 0.030497
0 0.639726 0.684206 0.027108 0.032191
0 0.628347 0.707925 0.023762 0.032568
0 0.639056 0.717620 0.025770 0.028238
0 0.616131 0.732304 0.022758 0.028614
0 0.633199 0.736728 0.026774 0.026544
1 0.629351 0.748117 0.025770 0.028991
0 0.596553 0.756589 0.021754 0.030873
1 0.613956 0.766566 0.028447 0.026732
0 0.571118 0.775791 0.031794 0.030120
0 0.596888 0.784827 0.029116 0.030120
0 0.624498 0.788592 0.027443 0.036898
0 0.603414 0.813818 0.032798 0.032380
1 0.612282 0.829725 0.019746 0.024285
0 0.596720 0.839514 0.034137 0.026544
0 0.595884 0.849115 0.023092 0.026167
0 0.567269 0.854575 0.035475 0.031062
1 0.561078 0.871706 0.029786 0.023532
