0 0.065418 0.672858 0.052899 0.033802
0 0.111069 0.665997 0.053840 0.036814
0 0.155873 0.661814 0.057982 0.036479
0 0.207737 0.657296 0.053276 0.029451
0 0.142131 0.623494 0.049322 0.032129
0 0.188347 0.620147 0.048758 0.028112
0 0.242470 0.621821 0.056099 0.038822
0 0.256683 0.651941 0.052523 0.037483
0 0.248400 0.592035 0.049511 0.024766
0 0.281532 0.587349 0.045369 0.040830
0 0.310429 0.589859 0.039910 0.029116
0 0.300734 0.621486 0.058547 0.035475
0 0.338950 0.645415 0.051393 0.052544
0 0.339420 0.587517 0.047063 0.028447
0 0.392508 0.560241 0.050828 0.036814
0 0.362764 0.571285 0.048193 0.034137
0 0.375565 0.634538 0.043675 0.043507
0 0.405403 0.653949 0.049887 0.050201
0 0.219409 0.520750 0.048758 0.042838
0 0.262331 0.501506 0.041604 0.050535
0 0.302052 0.503849 0.043863 0.053882
0 0.338573 0.468708 0.044616 0.057229
0 0.379142 0.454317 0.038404 0.052544
0 0.415286 0.424699 0.039533 0.050201
0 0.444465 0.420683 0.030873 0.039491
0 0.439853 0.442102 0.037462 0.051539
0 0.418486 0.456493 0.043675 0.042838
0 0.461032 0.429886 0.036145 0.045181
0 0.478727 0.413487 0.048193 0.059906
0 0.503106 0.414491 0.037086 0.041165
0 0.527014 0.404953 0.040851 0.046185
0 0.548381 0.428882 0.039157 0.033802
0 0.430158 0.537818 0.043298 0.030790
0 0.455384 0.535475 0.037274 0.034806
0 0.484657 0.539324 0.043863 0.032463
0 0.517978 0.545181 0.042357 0.034806
0 0.491340 0.525100 0.038780 0.024766
0 0.537745 0.519746 0.044239 0.035475
0 0.572854 0.540161 0.041416 0.040161
0 0.605798 0.584839 0.043298 0.056560
0 0.641096 0.583668 0.043863 0.050201
0 0.576619 0.461345 0.047440 0.033133
0 0.599209 0.470214 0.038780 0.029451
0 0.623400 0.490462 0.046875 0.046519
0 0.426487 0.598896 0.047628 0.045850
0 0.466773 0.613286 0.043863 0.041165
0 0.516566 0.634371 0.049322 0.050535
0 0.553840 0.632865 0.047063 0.044846
0 0.591773 0.634203 0.040098 0.038822
0 0.588761 0.417336 0.041227 0.051539
0 0.627636 0.409137 0.039157 0.040495
0 0.654744 0.405455 0.036145 0.041165
0 0.691547 0.394411 0.039721 0.040495
0 0.683641 0.446620 0.040098 0.031794
0 0.736446 0.386546 0.043675 0.034137
0 0.731081 0.458668 0.037839 0.031124
0 0.766943 0.449967 0.042545 0.036479
1 0.713197 0.431560 0.032944 0.019746
0 0.641284 0.511044 0.044616 0.046185
0 0.661239 0.529284 0.039721 0.050535
0 0.684111 0.526606 0.045557 0.053213
0 0.723174 0.513722 0.044992 0.048862
0 0.762519 0.541165 0.048381 0.054217
0 0.796216 0.545013 0.044239 0.042503
0 0.674322 0.633367 0.043298 0.053882
0 0.704819 0.659471 0.033509 0.059906
0 0.739364 0.679886 0.041227 0.050535
0 0.831702 0.567269 0.041792 0.036145
0 0.860599 0.594545 0.041604 0.040495
0 0.894390 0.631693 0.047063 0.047189
0 0.776920 0.401606 0.038027 0.043507
0 0.794616 0.422356 0.036145 0.036814
0 0.825584 0.443440 0.040098 0.041499
0 0.855798 0.443608 0.032756 0.041834
0 0.888837 0.448126 0.034827 0.037483
0 0.919992 0.424866 0.037274 0.039826
0 0.801205 0.394913 0.033886 0.031459
0 0.829255 0.368809 0.039157 0.048862
0 0.861352 0.368307 0.038968 0.045850
0 0.891472 0.351238 0.038968 0.047858
0 0.918957 0.339357 0.037086 0.048862
0 0.945971 0.328313 0.037651 0.052878
