0 0.847044 0.150770 0.039721 0.062584
0 0.826995 0.193106 0.040663 0.044177
0 0.805723 0.238286 0.050452 0.066265
0 0.775979 0.269578 0.045934 0.062584
0 0.758566 0.315261 0.042357 0.062249
0 0.722044 0.349230 0.039345 0.062584
0 0.692865 0.363286 0.036709 0.052544
0 0.675546 0.404451 0.050640 0.049197
0 0.817018 0.432731 0.041792 0.038153
0 0.776261 0.459672 0.053276 0.040495
0 0.725998 0.480087 0.051017 0.037818
0 0.815230 0.598226 0.052899 0.052544
0 0.761013 0.601406 0.048758 0.054217
0 0.712067 0.594378 0.051017 0.056894
0 0.662556 0.585174 0.047252 0.051874
0 0.632154 0.513387 0.047816 0.034806
0 0.621894 0.559572 0.056664 0.036145
0 0.596856 0.533969 0.052146 0.039157
0 0.614834 0.647256 0.059111 0.053548
0 0.568901 0.617303 0.053840 0.043173
0 0.567112 0.582162 0.046875 0.033802
0 0.569654 0.535141 0.051958 0.043507
0 0.538592 0.550201 0.055346 0.042838
0 0.519861 0.566098 0.044992 0.035141
0 0.677052 0.496988 0.054782 0.044846
0 0.543204 0.687416 0.058170 0.045515
0 0.518072 0.616466 0.055723 0.046185
0 0.470915 0.606593 0.052523 0.043173
0 0.498776 0.683400 0.051770 0.046854
0 0.467715 0.702477 0.059300 0.039491
0 0.414062 0.700971 0.056288 0.044511
0 0.424887 0.640562 0.057605 0.056225
0 0.416510 0.506861 0.048758 0.047858
0 0.357492 0.707497 0.061370 0.044177
0 0.348833 0.597724 0.055723 0.054886
0 0.382059 0.563588 0.043863 0.045515
0 0.366529 0.537316 0.049699 0.053882
0 0.319371 0.545013 0.055535 0.047189
0 0.261013 0.575971 0.055911 0.061580
0 0.308076 0.639558 0.051393 0.055556
0 0.284544 0.664491 0.050264 0.041834
0 0.253577 0.645248 0.057229 0.055556
0 0.293392 0.710341 0.063065 0.051874
0 0.229575 0.701138 0.064947 0.045515
0 0.191171 0.707664 0.062312 0.035810
0 0.211032 0.597222 0.058735 0.054552
0 0.182417 0.629685 0.055723 0.039826
0 0.137519 0.650268 0.060053 0.056894
0 0.121235 0.647590 0.060994 0.055556
0 0.183641 0.651941 0.047252 0.045515
