0 0.418507 0.056852 0.044511 0.039533
0 0.422356 0.084149 0.032798 0.039910
0 0.441098 0.103916 0.035475 0.040286
0 0.474230 0.114740 0.037483 0.033697
0 0.483936 0.144861 0.034806 0.032191
0 0.498327 0.178464 0.049531 0.036521
0 0.472390 0.206514 0.028447 0.047816
0 0.484772 0.240023 0.027778 0.040286
0 0.528280 0.215738 0.035810 0.041039
0 0.506359 0.260825 0.029451 0.042733
0 0.539157 0.252824 0.034806 0.036898
0 0.542503 0.269202 0.037483 0.036898
0 0.553046 0.285015 0.037818 0.028991
0 0.550535 0.298287 0.038153 0.032191
0 0.510375 0.323795 0.036145 0.037651
0 0.484103 0.322195 0.022423 0.029179
0 0.565930 0.322383 0.035475 0.033321
0 0.478748 0.347421 0.025770 0.032568
0 0.557898 0.343938 0.033467 0.037274
0 0.518909 0.365776 0.029116 0.038404
0 0.492972 0.383377 0.036145 0.031438
0 0.496988 0.409827 0.034137 0.036521
0 0.476573 0.433923 0.031459 0.036898
0 0.521252 0.397026 0.019746 0.030497
0 0.532798 0.424416 0.023427 0.035580
0 0.566600 0.383566 0.029451 0.036709
0 0.574632 0.419334 0.036814 0.034450
0 0.515228 0.451337 0.033802 0.035580
0 0.547858 0.452278 0.032129 0.033697
0 0.585843 0.453031 0.030455 0.033321
0 0.468876 0.473927 0.037483 0.035580
0 0.499833 0.471762 0.033133 0.032003
0 0.564257 0.485128 0.030790 0.034262
0 0.592035 0.486916 0.029451 0.034450
0 0.451807 0.504518 0.036814 0.028991
0 0.498159 0.501318 0.031794 0.032756
0 0.511044 0.506777 0.036145 0.033509
0 0.518407 0.528332 0.032798 0.031815
0 0.434070 0.532850 0.028782 0.028426
0 0.427209 0.560523 0.026439 0.030685
0 0.431392 0.587538 0.027443 0.033133
0 0.500000 0.546498 0.034137 0.035392
0 0.474230 0.574266 0.035475 0.035956
0 0.482764 0.601468 0.031794 0.037274
0 0.465529 0.632530 0.033467 0.037651
0 0.602075 0.517978 0.030790 0.035203
0 0.560074 0.528897 0.032463 0.032191
0 0.550201 0.542922 0.024096 0.032003
0 0.554384 0.560147 0.031794 0.032944
0 0.597557 0.553276 0.028447 0.034639
0 0.592537 0.579349 0.035141 0.032191
0 0.602410 0.596856 0.036814 0.031438
0 0.606760 0.613422 0.043507 0.032944
0 0.539993 0.610410 0.027778 0.032568
0 0.541165 0.633471 0.032798 0.036898
0 0.545683 0.659921 0.027778 0.040098
0 0.555054 0.668110 0.025100 0.030873
0 0.529786 0.682135 0.032129 0.031062
0 0.529451 0.707455 0.028782 0.038404
0 0.592537 0.633942 0.036479 0.032568
0 0.622992 0.660109 0.031794 0.036333
0 0.620649 0.689100 0.031794 0.030685
0 0.448963 0.689006 0.036479 0.036145
0 0.441432 0.721574 0.034137 0.035768
0 0.628514 0.723080 0.033467 0.032756
0 0.622825 0.748023 0.033467 0.031062
0 0.640060 0.773061 0.036479 0.029556
0 0.586345 0.707643 0.028782 0.038780
0 0.584839 0.731739 0.024431 0.030873
0 0.578983 0.752636 0.026774 0.033886
0 0.523762 0.737199 0.028112 0.035392
0 0.521921 0.767978 0.030455 0.033321
0 0.517738 0.790569 0.026104 0.032568
0 0.569444 0.782380 0.026439 0.038404
0 0.567771 0.812688 0.025100 0.035768
0 0.526439 0.816642 0.027443 0.033133
0 0.529116 0.841020 0.029451 0.032568
0 0.554050 0.848268 0.028447 0.036521
0 0.526439 0.857210 0.030120 0.035203
0 0.548360 0.875094 0.030455 0.031438
0 0.511379 0.890719 0.028782 0.029556
0 0.533635 0.915851 0.034471 0.042169
0 0.505689 0.915945 0.033467 0.037086
0 0.512550 0.938724 0.025770 0.035580
