0 0.360776 0.117564 0.037483 0.040098
0 0.364458 0.152485 0.039491 0.039910
0 0.383701 0.182982 0.037149 0.038027
0 0.388052 0.216962 0.034471 0.042357
0 0.426205 0.214797 0.028447 0.040286
0 0.448461 0.240117 0.035475 0.036709
1 0.455489 0.276167 0.034806 0.038404
0 0.455991 0.310712 0.028447 0.040474
0 0.477744 0.315606 0.033802 0.035580
0 0.490295 0.343091 0.035475 0.035956
0 0.498159 0.250471 0.039826 0.033321
0 0.507530 0.276450 0.039826 0.033697
0 0.514726 0.302428 0.038153 0.028050
0 0.511379 0.328878 0.042169 0.032756
0 0.525770 0.361822 0.028112 0.035768
0 0.470884 0.373023 0.044177 0.036709
0 0.454987 0.397967 0.032463 0.034262
0 0.490295 0.402861 0.032129 0.032756
0 0.526272 0.399191 0.026439 0.035203
0 0.462517 0.429029 0.035475 0.036898
0 0.501004 0.429123 0.028112 0.036709
0 0.525268 0.442300 0.027778 0.041980
0 0.559572 0.440324 0.038153 0.034262
0 0.541499 0.454725 0.030120 0.032191
0 0.443440 0.470162 0.035475 0.038968
0 0.517403 0.474680 0.027443 0.035580
0 0.548862 0.480422 0.028112 0.032756
0 0.509203 0.510354 0.025770 0.035392
0 0.430556 0.508848 0.040495 0.037651
0 0.414157 0.538686 0.029786 0.034450
0 0.407798 0.577654 0.031124 0.036709
0 0.568942 0.494447 0.036145 0.035580
0 0.574799 0.519484 0.033802 0.031062
0 0.573628 0.540380 0.036145 0.031815
0 0.546185 0.558264 0.032798 0.039721
0 0.612784 0.524944 0.033467 0.035580
0 0.603246 0.551017 0.023762 0.032756
0 0.608434 0.569183 0.030790 0.031815
0 0.559237 0.591962 0.028112 0.035203
0 0.598394 0.591020 0.024766 0.034074
0 0.545181 0.622647 0.031459 0.034450
0 0.586345 0.616623 0.035475 0.033321
0 0.555054 0.653897 0.031124 0.035956
0 0.587517 0.643449 0.025770 0.032756
0 0.614123 0.643543 0.028112 0.032568
0 0.631693 0.661333 0.037818 0.034262
0 0.539324 0.682323 0.034471 0.034827
0 0.577979 0.675169 0.030120 0.039345
0 0.567436 0.701619 0.026439 0.033509
0 0.619478 0.683923 0.032129 0.033509
0 0.539157 0.710279 0.033467 0.035768
0 0.551707 0.732304 0.027108 0.036145
0 0.597557 0.709996 0.026439 0.031815
0 0.622657 0.717526 0.032463 0.036709
0 0.594043 0.730986 0.032798 0.030873
0 0.590361 0.760354 0.032798 0.034639
0 0.624833 0.755177 0.036814 0.040098
0 0.617637 0.782285 0.033802 0.035956
0 0.621486 0.812688 0.032129 0.036145
0 0.597390 0.836785 0.032129 0.035392
0 0.602912 0.864552 0.033133 0.033321
0 0.558233 0.772967 0.031459 0.035392
0 0.551539 0.802805 0.043507 0.035203
0 0.529451 0.836973 0.037483 0.032003
0 0.514056 0.868317 0.040161 0.031062
0 0.495147 0.895331 0.034471 0.031250
0 0.481091 0.923099 0.037149 0.026167
