0 0.463019 0.146178 0.021754 0.030685
0 0.458668 0.162462 0.019746 0.023720
0 0.459003 0.180723 0.020415 0.029744
0 0.443440 0.185712 0.026104 0.029556
0 0.428213 0.208773 0.028447 0.028991
0 0.438253 0.238987 0.024431 0.029556
0 0.422523 0.259695 0.028447 0.030309
0 0.428548 0.288121 0.024431 0.029179
0 0.421017 0.314194 0.027443 0.027861
0 0.422356 0.338667 0.028112 0.029367
0 0.465361 0.297346 0.022423 0.026920
0 0.458668 0.311182 0.021754 0.024849
0 0.460174 0.326713 0.025435 0.024661
0 0.472557 0.342903 0.029451 0.026544
0 0.479585 0.362669 0.032129 0.027673
0 0.483099 0.375565 0.021754 0.022590
0 0.516399 0.357492 0.026774 0.025979
0 0.519746 0.376506 0.028112 0.024096
0 0.449130 0.390719 0.023427 0.030309
0 0.493474 0.396367 0.030455 0.027673
0 0.527276 0.397308 0.027778 0.023908
0 0.458668 0.420369 0.021754 0.028991
0 0.477242 0.416227 0.022088 0.025602
0 0.535141 0.425075 0.024096 0.025602
0 0.438588 0.446348 0.027108 0.030120
0 0.478246 0.446160 0.025435 0.028238
0 0.538320 0.447854 0.023762 0.024849
0 0.550870 0.472421 0.024766 0.026167
0 0.556727 0.491340 0.029116 0.022214
0 0.561245 0.522214 0.029451 0.029367
0 0.447791 0.471386 0.023427 0.027485
0 0.469712 0.471668 0.020415 0.028803
0 0.433735 0.492093 0.023427 0.025226
0 0.463186 0.503012 0.027443 0.025226
0 0.433233 0.519861 0.021084 0.029556
0 0.449632 0.533697 0.024431 0.028238
0 0.494311 0.509883 0.027443 0.024285
0 0.514893 0.506401 0.019746 0.020708
0 0.516232 0.526073 0.024431 0.026920
0 0.488454 0.528803 0.027108 0.024849
0 0.443273 0.556099 0.020415 0.028238
0 0.471218 0.556382 0.026774 0.028803
0 0.484270 0.546875 0.018742 0.025979
0 0.506191 0.545181 0.027108 0.022214
0 0.504016 0.563441 0.030120 0.025226
0 0.454150 0.573136 0.031459 0.026544
0 0.455321 0.595068 0.031124 0.025979
0 0.495147 0.579537 0.026439 0.025038
0 0.498159 0.595633 0.024431 0.025226
0 0.435241 0.615493 0.025770 0.028803
0 0.439257 0.648720 0.027108 0.031250
0 0.418173 0.668486 0.029116 0.030120
0 0.414993 0.696536 0.021419 0.029744
0 0.532965 0.599021 0.021754 0.026732
0 0.518742 0.608998 0.023427 0.025979
0 0.551707 0.608998 0.025770 0.021461
0 0.554384 0.625000 0.029786 0.025602
0 0.513722 0.628294 0.021419 0.025038
0 0.536981 0.635072 0.017738 0.024661
0 0.504351 0.648720 0.022088 0.027108
0 0.536814 0.653426 0.018072 0.025602
0 0.512048 0.667169 0.024096 0.029367
0 0.540997 0.664816 0.023762 0.025038
0 0.502008 0.693336 0.026104 0.028238
0 0.504016 0.716303 0.022088 0.027485
0 0.492972 0.736822 0.024096 0.032380
0 0.562918 0.679499 0.020750 0.023908
0 0.563922 0.689288 0.028112 0.028050
0 0.563588 0.708867 0.027443 0.029556
0 0.550870 0.727033 0.020750 0.028614
0 0.563922 0.743035 0.030120 0.030120
0 0.532296 0.748306 0.025770 0.030497
0 0.532129 0.766943 0.024096 0.025226
0 0.576138 0.756777 0.021754 0.024473
0 0.556727 0.762895 0.023762 0.026167
0 0.563922 0.771461 0.022758 0.025602
0 0.582664 0.783227 0.026774 0.025791
0 0.557731 0.783509 0.025100 0.025226
0 0.529116 0.783791 0.021419 0.028803
0 0.526439 0.800734 0.024096 0.028803
0 0.556894 0.807794 0.025435 0.026355
0 0.581660 0.809488 0.021419 0.029367
0 0.525435 0.824736 0.020750 0.026732
0 0.533133 0.845444 0.027443 0.027861
0 0.523594 0.870294 0.023092 0.027485
0 0.538822 0.889590 0.023427 0.028426
0 0.539826 0.915380 0.027443 0.028050
0 0.572959 0.835279 0.024766 0.029367
0 0.581493 0.854951 0.025100 0.025038
0 0.571285 0.875847 0.022758 0.027673
