1 0.359103 0.119352 0.020080 0.032003
0 0.381526 0.129424 0.024766 0.026167
0 0.384538 0.147496 0.033467 0.028803
0 0.387216 0.175828 0.030120 0.032003
0 0.408300 0.203031 0.026104 0.031815
0 0.421352 0.233245 0.027443 0.032380
0 0.434739 0.260166 0.033467 0.031250
0 0.459003 0.226374 0.025100 0.026920
0 0.463353 0.240964 0.017068 0.026732
0 0.492135 0.252730 0.022423 0.027673
0 0.472892 0.276544 0.024096 0.031627
0 0.489458 0.286050 0.023762 0.029932
1 0.488454 0.305911 0.025770 0.029367
0 0.434404 0.285203 0.026104 0.031627
0 0.452979 0.307135 0.028447 0.034074
0 0.544679 0.311276 0.035141 0.027297
0 0.477410 0.325772 0.029116 0.030685
0 0.471888 0.361822 0.030790 0.030120
0 0.467704 0.341773 0.028447 0.028426
1 0.529116 0.380742 0.014726 0.028050
0 0.510040 0.330008 0.017403 0.029744
0 0.479752 0.381495 0.033802 0.031062
0 0.536814 0.363705 0.021419 0.028614
0 0.519244 0.349021 0.021084 0.032380
0 0.549029 0.328313 0.036479 0.024849
0 0.564090 0.343279 0.030455 0.026167
0 0.580489 0.363328 0.026439 0.027861
0 0.543005 0.393825 0.023762 0.030120
0 0.548862 0.410392 0.027443 0.030120
0 0.592202 0.383848 0.034471 0.028991
0 0.596386 0.399755 0.036145 0.029932
0 0.496486 0.415945 0.029116 0.035580
0 0.507865 0.442583 0.027108 0.031250
0 0.496653 0.463479 0.027443 0.033133
0 0.498494 0.488705 0.027778 0.032380
0 0.540328 0.435806 0.022423 0.029367
0 0.549364 0.467056 0.023762 0.030873
0 0.611111 0.426017 0.034137 0.029367
0 0.634036 0.455290 0.028447 0.029556
0 0.554050 0.495388 0.027108 0.029179
0 0.563588 0.522120 0.022758 0.029932
0 0.625335 0.490964 0.023092 0.030873
0 0.645248 0.486258 0.031459 0.030120
0 0.662149 0.509130 0.028447 0.025038
0 0.674029 0.534450 0.029451 0.028614
0 0.677041 0.563818 0.028112 0.031250
0 0.613119 0.500565 0.034806 0.034262
0 0.621821 0.523720 0.023427 0.027108
0 0.602577 0.532662 0.025770 0.028803
0 0.570950 0.550075 0.024096 0.031627
0 0.602242 0.556288 0.029116 0.029744
0 0.622992 0.548005 0.027778 0.028614
0 0.627677 0.565700 0.027778 0.028614
0 0.594545 0.572195 0.027108 0.032568
0 0.570616 0.589608 0.024766 0.027108
0 0.627008 0.588667 0.027108 0.028991
0 0.612450 0.601751 0.031459 0.029556
0 0.574130 0.612011 0.036479 0.030120
0 0.618809 0.628483 0.023427 0.031062
0 0.661981 0.628671 0.030120 0.032191
0 0.553380 0.627353 0.030455 0.031062
0 0.542671 0.655497 0.035810 0.028238
0 0.524264 0.675075 0.032463 0.027485
0 0.520080 0.698701 0.030790 0.032191
0 0.612617 0.654179 0.023092 0.032003
0 0.605254 0.681758 0.021084 0.030685
0 0.588688 0.706702 0.026104 0.034639
0 0.651439 0.649379 0.023092 0.028050
0 0.662818 0.664533 0.031124 0.028991
0 0.674197 0.685335 0.031124 0.029556
0 0.654786 0.723362 0.026439 0.034827
0 0.651439 0.752165 0.029116 0.032568
0 0.632363 0.776355 0.027778 0.034639
0 0.636714 0.807605 0.023092 0.031627
0 0.625167 0.835373 0.026774 0.031815
1 0.615127 0.855422 0.028112 0.037651
0 0.678882 0.720350 0.025770 0.031062
0 0.693608 0.739364 0.032463 0.029556
0 0.698963 0.763742 0.034471 0.028238
0 0.709839 0.786333 0.031459 0.027485
0 0.712851 0.812877 0.026774 0.028238
