0 0.955196 0.409973 0.033133 0.042169
0 0.929970 0.426372 0.036145 0.046854
0 0.907756 0.440261 0.034639 0.044511
0 0.879047 0.450971 0.037462 0.041165
0 0.866905 0.418507 0.033509 0.037818
0 0.853633 0.478079 0.037462 0.040495
0 0.839326 0.413320 0.030685 0.034137
0 0.814100 0.474732 0.040851 0.032463
0 0.811182 0.442102 0.030873 0.038822
0 0.785203 0.461513 0.042545 0.041499
0 0.763931 0.495315 0.037651 0.029451
0 0.737952 0.500837 0.039157 0.048527
0 0.775320 0.447456 0.037839 0.036145
0 0.737293 0.472055 0.034450 0.046519
0 0.836408 0.615127 0.045181 0.033467
0 0.793486 0.619813 0.039910 0.033467
0 0.758660 0.612784 0.046687 0.036814
0 0.711785 0.601740 0.043298 0.036814
0 0.681288 0.574799 0.047063 0.043842
0 0.712067 0.470884 0.036709 0.040161
0 0.687218 0.490964 0.040851 0.041499
0 0.674699 0.519913 0.044428 0.035810
0 0.648626 0.531459 0.041604 0.028782
0 0.636295 0.588186 0.040286 0.039826
0 0.609563 0.579819 0.042545 0.039157
0 0.650320 0.484940 0.036333 0.032798
0 0.619541 0.527610 0.039910 0.044511
0 0.618411 0.491633 0.036898 0.034806
0 0.586973 0.502343 0.042169 0.037483
0 0.576713 0.598059 0.038592 0.043507
0 0.585373 0.639558 0.045369 0.034137
0 0.552052 0.652610 0.037839 0.040161
0 0.548005 0.527945 0.038027 0.037149
0 0.554688 0.577309 0.041227 0.038822
0 0.535674 0.588019 0.040851 0.047523
0 0.512331 0.645415 0.042733 0.036479
0 0.514025 0.530288 0.041227 0.031124
0 0.485034 0.545850 0.037086 0.034806
0 0.470915 0.632195 0.043110 0.034137
0 0.467056 0.482095 0.040663 0.043173
0 0.460184 0.539491 0.039345 0.040161
0 0.431288 0.627510 0.044428 0.034137
0 0.396555 0.590863 0.047628 0.037818
0 0.429405 0.488119 0.040663 0.042503
0 0.432417 0.534639 0.035768 0.036479
0 0.416886 0.533133 0.037086 0.034806
0 0.392602 0.532463 0.041604 0.033467
0 0.390625 0.514391 0.044804 0.042169
0 0.373023 0.608768 0.045369 0.035475
0 0.348927 0.623494 0.041980 0.038822
0 0.337538 0.583668 0.046310 0.031459
0 0.343656 0.507195 0.046498 0.037149
0 0.300734 0.531459 0.048005 0.042838
0 0.299228 0.572122 0.043110 0.041834
0 0.327090 0.606091 0.039345 0.037483
0 0.301958 0.612617 0.045557 0.035141
0 0.265060 0.592369 0.047063 0.036145
0 0.253765 0.534973 0.047816 0.032463
0 0.242470 0.514056 0.047816 0.046185
0 0.224398 0.572122 0.045557 0.046519
0 0.186559 0.587182 0.051581 0.030455
0 0.203219 0.514726 0.045745 0.046185
0 0.169334 0.554050 0.048381 0.048527
0 0.126788 0.576807 0.059676 0.044511
0 0.081137 0.591700 0.047063 0.036145
