0 0.447456 0.149849 0.036145 0.032380
0 0.475736 0.181664 0.030455 0.030120
0 0.496653 0.213855 0.032129 0.028991
0 0.511546 0.241058 0.029786 0.027673
0 0.519578 0.272684 0.029786 0.028803
0 0.451138 0.208020 0.027443 0.030497
0 0.460007 0.220068 0.033802 0.026732
0 0.469880 0.237387 0.034137 0.023343
0 0.448628 0.250565 0.023092 0.033886
0 0.463353 0.270237 0.023092 0.032944
0 0.461680 0.283133 0.023092 0.027861
0 0.454150 0.302993 0.027443 0.031815
0 0.503179 0.280120 0.027778 0.029367
0 0.507697 0.301958 0.032129 0.025226
0 0.487115 0.318995 0.025770 0.029179
0 0.511881 0.328878 0.037149 0.028991
0 0.488286 0.338761 0.023427 0.029556
0 0.436747 0.330008 0.022758 0.031250
0 0.438253 0.354951 0.028447 0.032568
0 0.480924 0.354480 0.021419 0.030120
0 0.474900 0.368035 0.024766 0.033133
0 0.510375 0.352316 0.032129 0.029932
0 0.459003 0.380083 0.023762 0.028238
0 0.435408 0.384977 0.030120 0.029367
0 0.432898 0.410580 0.027778 0.030120
0 0.456660 0.400602 0.025100 0.028238
0 0.538655 0.381024 0.029116 0.029744
0 0.541667 0.407191 0.039826 0.027485
0 0.488788 0.418581 0.023762 0.029932
0 0.430723 0.436935 0.028112 0.030873
0 0.468541 0.425922 0.025435 0.031062
0 0.493474 0.437594 0.021754 0.027673
0 0.555388 0.438818 0.028447 0.028238
0 0.460007 0.452748 0.025100 0.030120
0 0.496486 0.459149 0.025100 0.028991
0 0.496319 0.482304 0.026104 0.029367
0 0.540663 0.468562 0.020415 0.030497
0 0.560743 0.466303 0.032463 0.030120
0 0.499665 0.503859 0.024766 0.029932
0 0.445448 0.480986 0.026774 0.029744
0 0.429217 0.502165 0.031124 0.027673
0 0.420850 0.529556 0.027778 0.029744
0 0.415328 0.557982 0.028782 0.028991
0 0.534806 0.486728 0.026104 0.024661
0 0.528949 0.506401 0.022423 0.027108
0 0.561580 0.493694 0.030790 0.026544
0 0.572959 0.521178 0.029451 0.026920
0 0.543507 0.510448 0.028782 0.026920
0 0.553882 0.532097 0.030790 0.027673
0 0.563086 0.549699 0.027108 0.023720
0 0.474398 0.525979 0.025770 0.027861
0 0.475402 0.553840 0.026439 0.028614
0 0.517570 0.550734 0.025770 0.026167
0 0.468039 0.580008 0.025100 0.028238
0 0.468708 0.602410 0.027778 0.026355
0 0.457999 0.627259 0.025100 0.028614
0 0.457497 0.650226 0.026774 0.029367
0 0.510375 0.576337 0.028112 0.025414
0 0.540495 0.572101 0.030790 0.028614
0 0.519578 0.588573 0.036479 0.025038
0 0.544679 0.597515 0.022423 0.030497
0 0.523260 0.605328 0.028447 0.029179
1 0.539324 0.620388 0.025770 0.029556
0 0.503012 0.618882 0.027443 0.028803
0 0.491968 0.635448 0.030790 0.027673
0 0.496151 0.661145 0.031794 0.029744
0 0.540663 0.645331 0.024431 0.026732
0 0.533133 0.662839 0.024766 0.030873
0 0.530288 0.688253 0.021754 0.028614
0 0.475067 0.677146 0.030455 0.032380
0 0.473728 0.700584 0.033802 0.029556
0 0.463521 0.720633 0.028782 0.027108
0 0.464357 0.743317 0.032463 0.029179
0 0.552041 0.672063 0.024431 0.026355
0 0.558066 0.688818 0.028447 0.024849
0 0.569110 0.706984 0.028447 0.027673
0 0.584003 0.711596 0.026774 0.030873
0 0.546017 0.718562 0.023092 0.025979
0 0.585509 0.726280 0.022423 0.021461
0 0.543507 0.740493 0.025435 0.026167
0 0.578648 0.741717 0.021419 0.025979
0 0.545013 0.761766 0.025770 0.031815
0 0.555556 0.768166 0.027443 0.029932
0 0.574967 0.769672 0.028112 0.029932
0 0.537818 0.797534 0.025435 0.028803
0 0.574799 0.791792 0.024431 0.029367
0 0.560910 0.816265 0.032129 0.032756
1 0.537149 0.817771 0.030790 0.030497
0 0.565930 0.838385 0.027443 0.029179
0 0.521586 0.845915 0.026439 0.027297
1 0.521252 0.867846 0.027778 0.027485
0 0.547691 0.862387 0.027108 0.027485
0 0.549531 0.880648 0.026774 0.026732
