0 0.059582 0.535810 0.041227 0.032129
0 0.095633 0.521754 0.038027 0.034806
0 0.120858 0.523260 0.045557 0.026439
0 0.154273 0.514056 0.043110 0.032798
0 0.164533 0.464859 0.039910 0.038153
0 0.203125 0.456325 0.038027 0.035810
0 0.228633 0.440428 0.036333 0.032798
0 0.264872 0.431727 0.039157 0.039491
0 0.296404 0.433400 0.037839 0.032798
0 0.325301 0.427376 0.039157 0.022088
0 0.357210 0.424699 0.043110 0.028782
0 0.223268 0.490629 0.040286 0.034137
0 0.245011 0.479418 0.035580 0.038487
0 0.267884 0.501673 0.036898 0.035475
0 0.291792 0.499665 0.032756 0.024096
0 0.341491 0.527443 0.039910 0.034806
0 0.385260 0.550201 0.037839 0.038822
0 0.418110 0.567102 0.036521 0.041834
0 0.446254 0.590194 0.036333 0.045181
0 0.309111 0.482095 0.030120 0.033133
0 0.328502 0.473728 0.034639 0.035810
0 0.355986 0.494478 0.029744 0.040495
0 0.373023 0.497825 0.032568 0.041834
0 0.393072 0.489123 0.032756 0.038487
0 0.341397 0.459170 0.032944 0.027443
0 0.367846 0.458333 0.034639 0.030455
0 0.393825 0.457664 0.035768 0.029786
0 0.405591 0.470884 0.033321 0.032798
0 0.419804 0.497490 0.041039 0.027778
0 0.438441 0.518407 0.041039 0.034137
0 0.453972 0.545013 0.040098 0.033133
0 0.466491 0.565763 0.036898 0.043842
0 0.495200 0.588855 0.039721 0.060576
0 0.487199 0.608601 0.038027 0.039157
0 0.528238 0.613119 0.036898 0.047523
0 0.549793 0.660977 0.033321 0.051539
0 0.439571 0.479752 0.036521 0.039157
0 0.470727 0.489123 0.036333 0.037149
0 0.503106 0.503347 0.041604 0.034806
0 0.544334 0.535643 0.039345 0.043842
0 0.472515 0.459672 0.037274 0.035810
0 0.492564 0.473561 0.031815 0.038822
0 0.520802 0.478581 0.034827 0.035475
0 0.502730 0.410977 0.034074 0.035475
1 0.524285 0.418173 0.038027 0.019746
0 0.547910 0.422691 0.032191 0.026774
0 0.581890 0.683066 0.033133 0.058902
0 0.606457 0.736278 0.037839 0.058902
0 0.632718 0.767738 0.033509 0.060910
0 0.662368 0.822122 0.033321 0.069946
0 0.575960 0.559237 0.032944 0.040161
0 0.611634 0.588688 0.039910 0.034137
0 0.544616 0.479752 0.036898 0.040495
0 0.560429 0.497490 0.036521 0.039826
0 0.588479 0.513554 0.033886 0.043173
0 0.565606 0.440428 0.035956 0.022758
0 0.586785 0.466867 0.033133 0.031459
0 0.607210 0.484103 0.037462 0.042503
0 0.629706 0.463353 0.036898 0.029786
0 0.648720 0.479418 0.036145 0.033133
0 0.640813 0.547021 0.039533 0.048527
0 0.669804 0.585843 0.031250 0.058568
0 0.671875 0.504016 0.036898 0.030790
0 0.695407 0.524264 0.040286 0.040495
0 0.738234 0.522590 0.040474 0.027778
0 0.698889 0.611111 0.032944 0.060910
0 0.732116 0.658467 0.035392 0.059237
0 0.773249 0.692269 0.040851 0.054552
0 0.769296 0.558568 0.038592 0.039491
0 0.817677 0.577644 0.040098 0.032129
0 0.840361 0.608936 0.038404 0.043842
0 0.873776 0.608266 0.041227 0.043842
0 0.610128 0.418842 0.039157 0.032463
0 0.622082 0.433902 0.034827 0.029116
0 0.645614 0.427544 0.036333 0.033133
0 0.662933 0.426037 0.040851 0.038822
0 0.682982 0.412483 0.037651 0.042503
0 0.704631 0.424197 0.039157 0.037818
0 0.731645 0.447624 0.036709 0.048527
0 0.776544 0.448293 0.042922 0.040495
0 0.809111 0.463186 0.038027 0.043507
0 0.841209 0.467369 0.037086 0.042503
0 0.870670 0.483601 0.038780 0.038153
0 0.906627 0.479752 0.040663 0.032463
0 0.756965 0.399264 0.035015 0.029451
0 0.716020 0.388889 0.034827 0.036145
0 0.735034 0.397758 0.036333 0.039826
0 0.774285 0.399598 0.036145 0.032129
0 0.797346 0.404116 0.034827 0.041834
0 0.821442 0.410810 0.035956 0.040495
0 0.848739 0.409137 0.031438 0.039826
0 0.884601 0.407798 0.033133 0.039157
0 0.917169 0.410643 0.034639 0.040830
0 0.948419 0.402610 0.040663 0.030790
0 0.973174 0.430556 0.037086 0.041834
0 0.745858 0.359270 0.039157 0.033802
0 0.762613 0.346553 0.037651 0.035141
0 0.790663 0.343876 0.035015 0.036479
0 0.814194 0.329317 0.029744 0.037483
0 0.842432 0.317938 0.032756 0.040161
0 0.870576 0.328146 0.035956 0.028447
0 0.903709 0.330656 0.037462 0.040161
0 0.927993 0.325301 0.029556 0.037483
0 0.953878 0.317604 0.034639 0.044177
0 0.978727 0.307564 0.033886 0.034806
