0 0.104292 0.547189 0.046687 0.042838
0 0.141472 0.542001 0.047628 0.039157
0 0.181194 0.566432 0.054405 0.041165
0 0.226468 0.567938 0.049322 0.034806
0 0.259695 0.586847 0.046875 0.041165
0 0.289816 0.573293 0.047628 0.042838
0 0.209902 0.493809 0.052711 0.037149
0 0.254142 0.484940 0.042169 0.042169
0 0.241717 0.524096 0.048569 0.033467
0 0.276073 0.503179 0.045369 0.038487
0 0.310053 0.510542 0.043298 0.039826
0 0.349962 0.489123 0.045181 0.041165
0 0.386295 0.499331 0.044428 0.042838
0 0.352880 0.517236 0.044239 0.036479
0 0.332078 0.522256 0.046310 0.033802
0 0.303840 0.525770 0.039910 0.029451
0 0.316924 0.547021 0.052146 0.037818
0 0.376977 0.548360 0.047628 0.031124
0 0.428652 0.535141 0.047816 0.036145
0 0.413968 0.549699 0.037651 0.028447
0 0.360693 0.595214 0.046310 0.052544
0 0.404556 0.600904 0.048569 0.041834
0 0.436182 0.630857 0.047063 0.043507
0 0.459243 0.580823 0.044239 0.043173
0 0.484375 0.662818 0.049322 0.046519
0 0.497647 0.599230 0.043486 0.047189
0 0.534262 0.631359 0.045557 0.061914
0 0.569371 0.664157 0.040851 0.065261
0 0.605422 0.699297 0.042545 0.057229
0 0.641566 0.724732 0.042169 0.057898
0 0.438065 0.482262 0.043675 0.046854
1 0.470256 0.470549 0.041416 0.033467
0 0.486446 0.490127 0.044051 0.041834
0 0.515154 0.505857 0.043863 0.038487
0 0.540192 0.528112 0.044992 0.042169
0 0.563818 0.514558 0.047816 0.043173
0 0.549322 0.464692 0.045557 0.029116
0 0.580572 0.481426 0.042169 0.041165
0 0.604480 0.471051 0.041416 0.039157
0 0.629047 0.499665 0.042357 0.042838
0 0.654367 0.515060 0.045557 0.034806
0 0.592432 0.570281 0.045557 0.044177
0 0.626506 0.615127 0.049322 0.051539
0 0.667639 0.661479 0.046875 0.051205
0 0.701713 0.711178 0.046498 0.050201
0 0.737199 0.771754 0.045181 0.065596
0 0.693336 0.555221 0.047063 0.054886
0 0.732210 0.568440 0.048381 0.053213
0 0.771178 0.602577 0.051017 0.051205
0 0.808264 0.616633 0.044616 0.039826
0 0.837349 0.659137 0.054593 0.055890
0 0.674793 0.479920 0.051017 0.038153
0 0.695030 0.465696 0.038027 0.033133
0 0.731834 0.467537 0.045745 0.036814
0 0.769484 0.512885 0.050264 0.042503
0 0.805629 0.511212 0.047252 0.053213
0 0.849209 0.533969 0.046310 0.043173
0 0.879236 0.531627 0.050264 0.047858
0 0.915380 0.541332 0.041227 0.048527
0 0.951054 0.543507 0.046687 0.042838
