0 0.948325 0.519244 0.033321 0.041834
0 0.923663 0.505857 0.034074 0.033802
0 0.897496 0.501004 0.035956 0.030120
0 0.867658 0.490629 0.036521 0.036814
0 0.883660 0.637048 0.043675 0.040495
0 0.857681 0.626673 0.042922 0.037818
0 0.826619 0.490629 0.043298 0.038153
0 0.791604 0.491466 0.036898 0.032463
0 0.785109 0.500669 0.040851 0.040161
1 0.821630 0.605087 0.038215 0.042169
0 0.787086 0.593206 0.039910 0.039157
0 0.762519 0.494645 0.041227 0.035475
0 0.747082 0.560241 0.042357 0.039491
0 0.708961 0.554552 0.039910 0.032129
0 0.728257 0.481760 0.040098 0.023092
0 0.716585 0.461345 0.043486 0.039157
0 0.693430 0.450301 0.045369 0.033802
0 0.691830 0.418675 0.040286 0.029451
0 0.685429 0.521586 0.043675 0.029116
0 0.660580 0.529618 0.037651 0.032463
0 0.641096 0.532463 0.045369 0.034806
0 0.669239 0.473059 0.044051 0.042503
0 0.663309 0.414826 0.036709 0.029786
0 0.630648 0.424699 0.033886 0.036814
0 0.638931 0.460843 0.041416 0.037483
0 0.610881 0.480589 0.039533 0.035475
0 0.577466 0.473226 0.041980 0.035475
0 0.599680 0.429050 0.034827 0.036814
0 0.564194 0.442436 0.036145 0.040830
0 0.556194 0.520248 0.039721 0.037818
0 0.608904 0.619478 0.039721 0.042838
0 0.585184 0.620315 0.040474 0.041165
0 0.552993 0.611948 0.038592 0.036479
0 0.545557 0.564424 0.041792 0.031124
0 0.510919 0.562751 0.040663 0.044511
0 0.517037 0.599398 0.038968 0.034137
0 0.482681 0.590194 0.040286 0.036479
0 0.446160 0.568608 0.038404 0.047523
0 0.485505 0.546017 0.042922 0.028447
0 0.454255 0.535810 0.042169 0.028112
0 0.485316 0.494980 0.040286 0.036145
0 0.536803 0.503179 0.038592 0.040495
0 0.537368 0.450971 0.032191 0.042503
0 0.516566 0.447456 0.034262 0.041499
0 0.499153 0.462851 0.037086 0.024766
0 0.465267 0.507530 0.041227 0.028447
0 0.448325 0.486780 0.042357 0.036479
0 0.417545 0.521754 0.049322 0.026104
0 0.416604 0.557564 0.047063 0.034137
0 0.395425 0.560743 0.034074 0.029786
0 0.387331 0.513387 0.040474 0.031459
0 0.423099 0.425535 0.040098 0.029116
0 0.398532 0.445950 0.036145 0.034471
0 0.371517 0.442102 0.035956 0.045515
0 0.344032 0.480756 0.047628 0.031124
0 0.348739 0.504685 0.042357 0.033467
0 0.355610 0.523594 0.041416 0.029116
0 0.342903 0.548193 0.043486 0.034137
0 0.373588 0.546519 0.038968 0.039491
0 0.318901 0.519578 0.044804 0.033802
0 0.310712 0.486446 0.043486 0.038487
0 0.296687 0.519076 0.046310 0.030120
0 0.284450 0.482430 0.044051 0.040495
0 0.284639 0.542001 0.042169 0.026439
0 0.250000 0.478748 0.044804 0.037818
0 0.259413 0.528447 0.049322 0.032798
0 0.230328 0.555890 0.040474 0.027443
0 0.217244 0.505020 0.047063 0.044177
0 0.173758 0.509538 0.047440 0.032463
0 0.138742 0.532129 0.045934 0.035475
0 0.097044 0.537651 0.046875 0.036479
