0 0.531961 0.039345 0.029116 0.046310
0 0.541499 0.077278 0.042169 0.043863
0 0.527610 0.095350 0.035141 0.039721
0 0.534471 0.123400 0.033467 0.040851
0 0.529451 0.153520 0.032129 0.048381
0 0.620147 0.143919 0.036814 0.040098
0 0.553213 0.167922 0.036145 0.037651
0 0.633032 0.185147 0.037818 0.043486
0 0.552544 0.206608 0.040830 0.038968
0 0.593373 0.218656 0.025435 0.039345
0 0.534806 0.241811 0.052209 0.038215
0 0.585007 0.247835 0.030790 0.040098
0 0.532798 0.258942 0.045515 0.040474
0 0.521921 0.282756 0.045850 0.042169
0 0.489123 0.308076 0.041834 0.038215
0 0.582329 0.264966 0.045515 0.053276
0 0.594712 0.305535 0.040161 0.039910
0 0.607095 0.293392 0.035475 0.034827
0 0.631359 0.313535 0.028447 0.035956
0 0.539491 0.313065 0.034806 0.043298
0 0.561412 0.326713 0.040495 0.041227
0 0.547523 0.340079 0.042838 0.038215
0 0.466365 0.349115 0.045181 0.039721
0 0.505020 0.343279 0.036145 0.041604
0 0.494813 0.375847 0.040495 0.042733
0 0.532129 0.365870 0.046185 0.035580
0 0.440428 0.384601 0.051539 0.041039
0 0.427711 0.414816 0.050870 0.034074
0 0.466533 0.408603 0.042169 0.042357
0 0.503514 0.416416 0.042503 0.039157
0 0.538822 0.392413 0.039491 0.043486
0 0.624498 0.338761 0.034137 0.035580
0 0.615964 0.363987 0.036479 0.043486
0 0.588688 0.381965 0.038153 0.033509
1 0.575134 0.404650 0.027108 0.040098
1 0.562082 0.424981 0.030455 0.040851
0 0.541667 0.441642 0.027108 0.037274
0 0.555221 0.451148 0.027443 0.042733
0 0.522423 0.456702 0.018742 0.037274
0 0.495315 0.454255 0.045515 0.037651
0 0.469210 0.479480 0.042169 0.038404
0 0.441934 0.505177 0.043842 0.035203
0 0.412651 0.523343 0.044177 0.036521
0 0.399598 0.446348 0.049531 0.036898
0 0.393407 0.477598 0.048527 0.033133
0 0.513387 0.480233 0.046185 0.035392
0 0.496486 0.503294 0.047189 0.034450
0 0.479920 0.526167 0.042838 0.036145
0 0.462015 0.548663 0.031794 0.040851
0 0.426874 0.559206 0.045850 0.036709
0 0.416834 0.581043 0.042503 0.039721
0 0.381359 0.611822 0.047858 0.040663
0 0.346386 0.639872 0.038822 0.041792
0 0.305890 0.662368 0.056225 0.042733
0 0.608434 0.448136 0.030790 0.040474
0 0.611446 0.464138 0.032798 0.039345
0 0.611780 0.490776 0.030120 0.038027
0 0.554217 0.500659 0.046854 0.033321
0 0.550201 0.519014 0.040830 0.031250
0 0.534304 0.541416 0.048527 0.035768
0 0.533467 0.551675 0.037483 0.034074
0 0.540997 0.569748 0.031124 0.035956
0 0.519913 0.587726 0.039826 0.037274
0 0.479250 0.592338 0.051539 0.035203
0 0.439257 0.628953 0.052544 0.038780
0 0.398260 0.660015 0.064926 0.030497
0 0.361780 0.683829 0.067604 0.026920
0 0.318608 0.710279 0.074297 0.029744
0 0.279116 0.742188 0.066934 0.031815
0 0.646419 0.502824 0.027108 0.036898
0 0.635877 0.529179 0.026104 0.038027
0 0.622323 0.540757 0.025770 0.039345
0 0.598561 0.553181 0.039826 0.039345
0 0.606593 0.572666 0.038487 0.035392
0 0.590863 0.586502 0.037818 0.035580
1 0.561245 0.602410 0.028782 0.039157
0 0.580489 0.618223 0.037818 0.038404
0 0.536981 0.622364 0.030455 0.038780
0 0.507530 0.639119 0.037149 0.041792
0 0.471051 0.659639 0.040495 0.039157
0 0.428548 0.692865 0.049197 0.035580
0 0.383032 0.719503 0.047189 0.036145
0 0.343708 0.746517 0.048862 0.034827
0 0.292336 0.758942 0.051874 0.031815
0 0.257865 0.787933 0.067938 0.035956
0 0.662483 0.637989 0.038487 0.038780
0 0.660308 0.654179 0.043507 0.036145
0 0.666834 0.667075 0.031124 0.038968
0 0.679217 0.696536 0.041165 0.034262
0 0.678213 0.711785 0.044511 0.036898
0 0.686747 0.730798 0.043507 0.030873
0 0.707329 0.752165 0.037818 0.032191
0 0.721720 0.790474 0.037818 0.040286
0 0.718039 0.820501 0.036479 0.035203
0 0.728246 0.852033 0.032129 0.037651
0 0.730756 0.872364 0.035810 0.034639
0 0.745649 0.903238 0.027443 0.034639
0 0.590863 0.722139 0.033802 0.040286
0 0.569946 0.738799 0.034806 0.033697
0 0.554050 0.762613 0.038487 0.033509
0 0.532798 0.782474 0.050201 0.034450
0 0.477410 0.803276 0.059906 0.038027
0 0.502677 0.809488 0.032129 0.037651
0 0.435074 0.840832 0.052209 0.044239
0 0.467035 0.831419 0.030455 0.035203
0 0.439090 0.866811 0.045515 0.038215
0 0.388889 0.862387 0.059572 0.038404
0 0.399264 0.891472 0.045515 0.037462
0 0.361111 0.895802 0.047523 0.036333
0 0.354418 0.922157 0.042169 0.040098
0 0.305054 0.915098 0.066600 0.038780
0 0.311078 0.938818 0.063253 0.033133
0 0.285141 0.969503 0.068273 0.035392
