0 0.423360 0.126318 0.028782 0.036521
0 0.451473 0.147967 0.029451 0.030120
0 0.457329 0.172816 0.038487 0.030873
0 0.453313 0.227692 0.020415 0.030309
0 0.475234 0.239834 0.026774 0.031250
0 0.463353 0.254706 0.021754 0.028991
0 0.508701 0.237669 0.038153 0.030685
0 0.503347 0.250753 0.038153 0.027861
0 0.519578 0.268825 0.031794 0.026732
0 0.482764 0.278803 0.031124 0.033509
0 0.451138 0.281532 0.020080 0.029556
0 0.449967 0.307605 0.028447 0.033509
0 0.478748 0.299322 0.024431 0.031627
0 0.479752 0.318524 0.028447 0.029367
0 0.448628 0.336314 0.033133 0.032568
0 0.481928 0.336502 0.032798 0.029556
0 0.516901 0.299322 0.024431 0.032003
0 0.516064 0.342903 0.025435 0.034074
0 0.490797 0.356834 0.032463 0.031438
0 0.438588 0.367470 0.029116 0.033133
0 0.484103 0.374718 0.029116 0.032944
0 0.509873 0.374718 0.031124 0.034450
0 0.463688 0.387707 0.029116 0.033321
0 0.433233 0.400226 0.028447 0.036145
0 0.457162 0.410486 0.028112 0.029179
0 0.506024 0.408133 0.024096 0.033886
0 0.539491 0.411709 0.026774 0.031627
0 0.420683 0.432229 0.028112 0.030873
0 0.463186 0.440136 0.030120 0.035392
0 0.495482 0.435617 0.019076 0.031250
0 0.517403 0.428746 0.028782 0.027673
0 0.518407 0.447572 0.027443 0.027673
0 0.415997 0.458773 0.026774 0.030497
0 0.448126 0.471386 0.032129 0.031250
0 0.489123 0.463479 0.024431 0.033509
0 0.520917 0.467809 0.023092 0.028991
0 0.531794 0.485599 0.028112 0.032191
0 0.575803 0.475904 0.028447 0.033133
0 0.411814 0.491811 0.023092 0.035203
0 0.425368 0.506871 0.027443 0.031815
0 0.470549 0.497929 0.027443 0.033509
0 0.567102 0.493317 0.023092 0.034450
0 0.416332 0.527673 0.026104 0.028614
0 0.423360 0.549228 0.029451 0.035580
0 0.521084 0.514495 0.030120 0.032003
0 0.565261 0.515343 0.028112 0.028803
0 0.566934 0.527579 0.022758 0.027297
0 0.503681 0.536898 0.030120 0.032756
0 0.554384 0.542639 0.024431 0.027297
0 0.507865 0.570030 0.027778 0.036521
0 0.554050 0.557323 0.025770 0.028050
0 0.581827 0.561747 0.023092 0.033886
0 0.593039 0.576242 0.027443 0.028991
0 0.593541 0.589797 0.026439 0.024096
0 0.592537 0.602786 0.022423 0.027485
0 0.548025 0.580666 0.031794 0.034074
0 0.495315 0.595350 0.028112 0.028426
0 0.484103 0.624059 0.032463 0.031627
0 0.456660 0.643825 0.034471 0.031627
0 0.436245 0.672910 0.028447 0.030309
0 0.607430 0.618694 0.024766 0.034450
0 0.615295 0.631212 0.023092 0.027108
0 0.549531 0.611916 0.022758 0.032191
0 0.535810 0.641002 0.027443 0.035768
0 0.578648 0.647496 0.025435 0.034450
0 0.522088 0.670745 0.023427 0.033886
0 0.500335 0.695501 0.028782 0.033321
0 0.479752 0.716020 0.027108 0.032944
0 0.573628 0.678087 0.030120 0.031627
0 0.566432 0.698042 0.028447 0.032756
0 0.565428 0.730516 0.029116 0.035203
0 0.568273 0.754800 0.028782 0.031815
0 0.645750 0.645520 0.027108 0.027861
0 0.644746 0.666510 0.027778 0.026920
0 0.641399 0.689947 0.026439 0.030873
0 0.628514 0.705196 0.028782 0.033509
0 0.625000 0.726280 0.030455 0.027861
0 0.629853 0.745576 0.026104 0.034074
0 0.611613 0.767790 0.025100 0.034450
0 0.581325 0.785392 0.036145 0.036521
0 0.584505 0.814947 0.025770 0.032756
0 0.559739 0.831043 0.028447 0.030309
0 0.561412 0.860975 0.027108 0.032944
0 0.660475 0.719880 0.026439 0.035392
0 0.678882 0.741999 0.035141 0.035203
0 0.668340 0.770331 0.030120 0.032756
0 0.688755 0.794334 0.030120 0.035580
0 0.683568 0.816547 0.028447 0.034827
1 0.700134 0.841491 0.030790 0.033133
0 0.693775 0.860128 0.028112 0.039157
0 0.710174 0.877259 0.032129 0.031250
