0 0.064100 0.563588 0.041980 0.044846
0 0.108716 0.584505 0.036709 0.048527
0 0.101092 0.524933 0.032380 0.027108
0 0.101657 0.543675 0.040286 0.025100
0 0.126035 0.527610 0.032568 0.023762
0 0.153709 0.487617 0.039345 0.027443
0 0.173005 0.496486 0.039910 0.037149
0 0.154556 0.587851 0.041039 0.045181
0 0.188818 0.586680 0.044428 0.032129
0 0.214514 0.610274 0.039345 0.041165
0 0.146555 0.549866 0.038968 0.030790
0 0.191171 0.548025 0.039721 0.027778
0 0.196913 0.570616 0.039910 0.022758
0 0.212820 0.570448 0.038592 0.030455
0 0.238517 0.570616 0.033133 0.028112
0 0.197195 0.482764 0.037462 0.030455
0 0.225527 0.480924 0.036145 0.028782
0 0.242941 0.479752 0.023155 0.029786
0 0.250471 0.545683 0.039721 0.037818
0 0.268637 0.464525 0.035392 0.026104
0 0.305441 0.470047 0.034450 0.036479
0 0.320312 0.456493 0.037462 0.028112
0 0.270520 0.532798 0.040663 0.038153
0 0.291510 0.536814 0.033321 0.033467
0 0.311653 0.546352 0.030685 0.039157
0 0.268072 0.572122 0.035768 0.023762
0 0.240023 0.602744 0.037274 0.026104
0 0.284168 0.603246 0.041980 0.032463
0 0.342056 0.588855 0.033133 0.040495
0 0.318901 0.586345 0.034262 0.040161
0 0.297816 0.573963 0.041039 0.034137
0 0.326995 0.619311 0.042545 0.038487
0 0.357022 0.626506 0.038592 0.032129
0 0.377918 0.644076 0.040851 0.033802
0 0.405968 0.653782 0.036709 0.044511
0 0.355139 0.560074 0.033697 0.041165
0 0.378389 0.565763 0.038027 0.040495
0 0.397214 0.587684 0.039910 0.040161
0 0.422252 0.618307 0.038027 0.039157
0 0.353163 0.451138 0.036521 0.031459
0 0.387989 0.443440 0.038780 0.022088
0 0.415098 0.441432 0.035015 0.031459
0 0.435806 0.497992 0.037651 0.037483
0 0.347797 0.523427 0.040474 0.034137
0 0.370482 0.537316 0.033886 0.022423
0 0.389778 0.519076 0.030685 0.019411
0 0.400132 0.548862 0.033697 0.030790
0 0.424134 0.523260 0.035015 0.027778
0 0.442771 0.531292 0.034639 0.032463
0 0.460749 0.544511 0.037086 0.032798
0 0.479669 0.550033 0.034262 0.041165
0 0.503765 0.556225 0.034262 0.034137
0 0.443336 0.442436 0.031250 0.029451
0 0.471856 0.434404 0.030309 0.054217
0 0.456325 0.465361 0.033886 0.053882
0 0.478633 0.457497 0.034074 0.035475
0 0.508471 0.456660 0.035768 0.039157
0 0.516660 0.459003 0.033697 0.034471
0 0.540474 0.460174 0.031627 0.038153
0 0.567300 0.439257 0.034074 0.035810
0 0.597609 0.435910 0.034827 0.038487
0 0.629236 0.425368 0.034827 0.040830
0 0.650697 0.415663 0.039345 0.042169
0 0.675358 0.397088 0.037839 0.039826
0 0.453031 0.627845 0.035203 0.036145
0 0.479951 0.642905 0.035203 0.035475
0 0.504236 0.639391 0.035956 0.042503
0 0.534074 0.648762 0.035015 0.030455
0 0.558264 0.648929 0.038215 0.042838
0 0.536803 0.548025 0.037462 0.034471
0 0.535768 0.581158 0.036898 0.029116
0 0.564571 0.602410 0.036898 0.030120
0 0.593750 0.627677 0.036145 0.031794
0 0.613046 0.664491 0.034827 0.041834
0 0.637989 0.683568 0.037651 0.038487
0 0.655591 0.725736 0.035956 0.049866
0 0.556852 0.543340 0.034639 0.031124
0 0.580478 0.541332 0.035956 0.030455
0 0.581984 0.576473 0.034827 0.035141
0 0.603351 0.579485 0.035015 0.038487
0 0.620576 0.585174 0.031062 0.033133
0 0.639684 0.589859 0.034262 0.035141
0 0.673663 0.617470 0.036709 0.036145
0 0.699831 0.626339 0.034074 0.039157
0 0.725715 0.633367 0.032003 0.043173
0 0.755742 0.635375 0.034450 0.041834
0 0.781532 0.657463 0.038592 0.043842
0 0.623776 0.478916 0.031815 0.031459
0 0.644672 0.480589 0.032944 0.029451
0 0.667545 0.487115 0.036521 0.033133
0 0.684770 0.491633 0.032944 0.026774
0 0.708490 0.508367 0.031062 0.027443
0 0.737575 0.500000 0.036521 0.026104
0 0.760072 0.503179 0.040098 0.025770
0 0.737952 0.550870 0.038780 0.042838
0 0.759977 0.549866 0.036898 0.038822
0 0.775602 0.565763 0.035768 0.034471
0 0.792545 0.562918 0.040286 0.034806
0 0.802899 0.511044 0.035392 0.029451
0 0.832643 0.517236 0.037651 0.027108
0 0.860128 0.528447 0.034262 0.037483
0 0.877824 0.529618 0.035768 0.034471
0 0.826619 0.572122 0.033133 0.036479
0 0.852786 0.584003 0.034639 0.034137
0 0.778144 0.451975 0.034074 0.032463
0 0.800734 0.453146 0.030309 0.032798
0 0.830196 0.439592 0.029744 0.037149
0 0.851468 0.439759 0.030497 0.041499
0 0.880271 0.596218 0.033133 0.035141
0 0.911521 0.602242 0.037651 0.034471
0 0.935900 0.608768 0.039345 0.036814
0 0.883942 0.425870 0.035203 0.035141
0 0.906438 0.426707 0.031627 0.027443
0 0.929970 0.431225 0.034262 0.033802
