0 0.467338 0.635375 0.050640 0.049197
0 0.504706 0.559237 0.054970 0.056225
0 0.430064 0.634705 0.049134 0.047189
0 0.396649 0.605589 0.054970 0.049866
0 0.355516 0.606091 0.053652 0.045515
0 0.313347 0.571954 0.050264 0.058902
0 0.267790 0.572624 0.053276 0.058902
0 0.223456 0.556058 0.052711 0.053213
0 0.192959 0.513554 0.054217 0.033133
0 0.214797 0.489793 0.056852 0.051205
0 0.255271 0.511881 0.048569 0.041165
0 0.282003 0.508199 0.056099 0.063253
0 0.171498 0.530622 0.047063 0.041834
0 0.322572 0.498996 0.048005 0.051539
0 0.356457 0.494311 0.045369 0.042838
0 0.411239 0.538153 0.055535 0.056225
0 0.462726 0.542503 0.052334 0.054217
0 0.544522 0.553046 0.052523 0.043842
0 0.576054 0.584839 0.054593 0.053882
0 0.520331 0.513889 0.056476 0.037149
0 0.556476 0.518574 0.045934 0.038487
0 0.591303 0.525602 0.052334 0.049866
0 0.632718 0.509036 0.050452 0.050870
0 0.683735 0.538989 0.056099 0.043173
0 0.735787 0.534639 0.056288 0.053213
0 0.777579 0.533969 0.051017 0.051205
0 0.819559 0.527778 0.051393 0.054217
0 0.855328 0.534304 0.046875 0.049197
0 0.063630 0.438922 0.051958 0.031124
0 0.100809 0.438755 0.053652 0.037483
0 0.138837 0.435241 0.035203 0.027108
0 0.156062 0.430890 0.049699 0.031794
0 0.190983 0.427376 0.038592 0.028112
0 0.229104 0.428548 0.051581 0.033802
0 0.350056 0.439926 0.057417 0.039826
0 0.382907 0.423862 0.050452 0.038487
0 0.415004 0.422691 0.046875 0.037483
0 0.454443 0.433066 0.054593 0.045515
0 0.501035 0.410643 0.053276 0.041499
0 0.548663 0.417671 0.051393 0.050870
0 0.588197 0.399431 0.058547 0.042503
0 0.623494 0.414157 0.052711 0.049197
0 0.650697 0.402443 0.050640 0.049866
0 0.679217 0.435241 0.053840 0.031124
0 0.714891 0.441432 0.054029 0.036814
0 0.766566 0.440261 0.051581 0.034471
0 0.730045 0.490462 0.060617 0.043842
0 0.771367 0.488119 0.054029 0.042503
0 0.834620 0.459505 0.061182 0.032798
0 0.873117 0.482430 0.051581 0.037818
0 0.913686 0.498996 0.044616 0.034137
0 0.937406 0.523260 0.049134 0.053882
0 0.865211 0.421687 0.049699 0.044846
0 0.902297 0.461011 0.045557 0.035810
0 0.939100 0.439090 0.055158 0.044846
0 0.967715 0.460007 0.054029 0.037818
