0 0.036145 0.544846 0.048569 0.037483
0 0.065794 0.550368 0.046498 0.030455
0 0.099021 0.552041 0.050828 0.033133
0 0.049416 0.479418 0.049134 0.027778
0 0.073325 0.494311 0.048005 0.036814
0 0.104292 0.481760 0.047440 0.026439
0 0.154650 0.562584 0.047252 0.035475
0 0.193806 0.560910 0.044992 0.032798
0 0.250941 0.611278 0.047440 0.038487
0 0.304970 0.633367 0.046310 0.037818
0 0.351562 0.646586 0.048381 0.033467
0 0.392508 0.666499 0.041792 0.041165
0 0.429405 0.681058 0.042922 0.045515
0 0.181005 0.495817 0.048758 0.030455
0 0.225056 0.509203 0.048005 0.029786
0 0.267978 0.527945 0.048381 0.033133
0 0.303181 0.546519 0.046122 0.028112
0 0.336126 0.570448 0.045369 0.034471
0 0.232210 0.474732 0.046498 0.030455
0 0.159639 0.422523 0.041039 0.035810
0 0.178181 0.437918 0.039721 0.028447
0 0.204443 0.422021 0.041416 0.037483
0 0.184488 0.467369 0.043298 0.025100
0 0.167639 0.465696 0.041604 0.027108
0 0.268449 0.434739 0.044428 0.038153
0 0.284921 0.475569 0.052146 0.031459
0 0.259789 0.458668 0.039910 0.030455
0 0.316077 0.490127 0.045934 0.039157
0 0.338761 0.495315 0.040851 0.037483
0 0.307794 0.442102 0.044804 0.030120
0 0.339797 0.456660 0.040663 0.037818
0 0.366529 0.459839 0.041416 0.035475
0 0.371800 0.489458 0.041792 0.031124
0 0.219127 0.380187 0.040286 0.046854
0 0.278520 0.361446 0.042733 0.039491
0 0.253953 0.379016 0.040663 0.025770
0 0.235316 0.413989 0.044804 0.026774
0 0.322948 0.362952 0.044239 0.030455
0 0.359093 0.334337 0.043110 0.045515
0 0.396461 0.326975 0.037274 0.042838
0 0.434017 0.324967 0.039345 0.038822
0 0.466491 0.326473 0.040663 0.033802
0 0.389590 0.389391 0.039721 0.042503
0 0.405120 0.396084 0.036898 0.036479
0 0.433170 0.382028 0.039533 0.033802
0 0.413592 0.510877 0.045557 0.039826
0 0.457078 0.543675 0.043298 0.043173
0 0.497364 0.544344 0.041416 0.041165
0 0.527579 0.563253 0.039345 0.040830
0 0.562312 0.568775 0.038027 0.042503
0 0.587820 0.589023 0.043863 0.042838
0 0.492658 0.482764 0.035015 0.054552
0 0.461973 0.443440 0.040286 0.034806
0 0.485881 0.435910 0.041039 0.035141
0 0.434770 0.449799 0.030685 0.033467
0 0.415192 0.436747 0.044992 0.034137
0 0.450301 0.401606 0.042922 0.028112
0 0.514966 0.426037 0.042733 0.028782
0 0.542451 0.431225 0.038592 0.032463
0 0.561559 0.499498 0.043675 0.043173
0 0.521649 0.396419 0.042545 0.028447
0 0.550640 0.385375 0.035015 0.035810
0 0.588197 0.377175 0.041980 0.028782
0 0.603351 0.524431 0.042169 0.042169
0 0.633189 0.555388 0.039721 0.048527
0 0.668204 0.572791 0.041604 0.043173
0 0.648814 0.546854 0.040851 0.029451
0 0.676581 0.554384 0.039533 0.035141
0 0.612575 0.495147 0.042545 0.031794
0 0.638272 0.516734 0.040474 0.028782
0 0.591679 0.472055 0.038027 0.026439
0 0.569183 0.465361 0.032568 0.027108
0 0.706043 0.591867 0.040098 0.036479
0 0.732492 0.613454 0.039910 0.036145
0 0.722044 0.571118 0.050264 0.034471
0 0.759977 0.608266 0.044804 0.034471
0 0.798099 0.639893 0.044239 0.034806
0 0.828784 0.678046 0.044239 0.035475
0 0.865117 0.719043 0.047252 0.043842
0 0.625094 0.394578 0.035580 0.031459
0 0.655779 0.403112 0.039345 0.031124
0 0.692865 0.479752 0.043110 0.035141
0 0.716585 0.480254 0.034450 0.031459
0 0.752918 0.435743 0.043110 0.028782
0 0.676205 0.424364 0.043298 0.028782
0 0.700489 0.438086 0.047063 0.030120
0 0.721480 0.427711 0.037086 0.030120
0 0.744352 0.478079 0.036898 0.036479
0 0.777108 0.476071 0.038027 0.038487
0 0.782191 0.455321 0.047063 0.033802
1 0.816265 0.446787 0.044428 0.025435
0 0.852598 0.445616 0.043675 0.031794
0 0.891566 0.442436 0.043675 0.028782
1 0.916510 0.438420 0.037086 0.028782
0 0.816171 0.474398 0.038592 0.038487
0 0.857210 0.477242 0.042357 0.034806
0 0.898438 0.475234 0.044239 0.034806
0 0.925546 0.484605 0.035956 0.041499
0 0.955855 0.484605 0.035580 0.038822
