0 0.024002 0.546352 0.045369 0.042503
0 0.063535 0.552209 0.043110 0.037483
0 0.106645 0.571954 0.046875 0.036145
0 0.135636 0.560408 0.047252 0.031794
0 0.160015 0.587015 0.042922 0.046854
0 0.202278 0.596553 0.046875 0.049866
0 0.177052 0.509203 0.046498 0.030455
0 0.171875 0.539157 0.039910 0.034806
0 0.205196 0.549866 0.040286 0.034137
0 0.243129 0.573293 0.045745 0.037483
0 0.284450 0.587684 0.042169 0.030790
0 0.325395 0.618474 0.044239 0.037483
0 0.368788 0.640730 0.046687 0.033133
0 0.398908 0.663320 0.041416 0.031459
0 0.426299 0.687416 0.041604 0.036814
0 0.235505 0.529953 0.044051 0.041834
0 0.272214 0.508199 0.048569 0.044511
0 0.294992 0.522925 0.034262 0.035810
0 0.269861 0.551372 0.044992 0.039157
0 0.309488 0.557564 0.042169 0.041499
0 0.338761 0.565428 0.044992 0.037818
0 0.370294 0.567436 0.043675 0.036479
0 0.313818 0.515228 0.042545 0.045181
0 0.354010 0.519746 0.042357 0.044177
0 0.314571 0.467537 0.041416 0.037483
1 0.332643 0.466533 0.039157 0.040830
0 0.360034 0.473561 0.038592 0.040161
0 0.393543 0.452142 0.042357 0.040161
0 0.415757 0.460509 0.046498 0.033467
0 0.442865 0.449799 0.043486 0.030120
0 0.384130 0.515060 0.043486 0.044846
0 0.407944 0.527778 0.041792 0.044177
0 0.430252 0.563588 0.043863 0.048862
0 0.466773 0.556058 0.041604 0.053213
0 0.492941 0.589357 0.040851 0.044846
0 0.533415 0.589525 0.042733 0.039826
0 0.560429 0.611111 0.039157 0.047523
0 0.590456 0.612282 0.039721 0.044511
0 0.483716 0.470549 0.046498 0.029451
0 0.504612 0.488286 0.044239 0.033467
0 0.525038 0.478581 0.036521 0.030120
0 0.558358 0.482597 0.042169 0.028782
0 0.590738 0.487115 0.039157 0.027778
0 0.534921 0.535475 0.042357 0.038153
0 0.556664 0.536814 0.038027 0.038822
0 0.587444 0.535475 0.041604 0.038153
0 0.609752 0.557564 0.041416 0.036814
0 0.466585 0.420850 0.041227 0.042503
0 0.502918 0.430723 0.040851 0.040830
0 0.536145 0.415161 0.039910 0.043842
0 0.573983 0.422021 0.036898 0.038153
0 0.606551 0.409471 0.035768 0.043842
0 0.632342 0.422858 0.039533 0.043173
0 0.626788 0.505689 0.044239 0.037483
0 0.660486 0.514056 0.038215 0.034137
0 0.637895 0.555556 0.042733 0.040830
0 0.661239 0.554050 0.041227 0.050535
0 0.675828 0.582999 0.040286 0.036814
0 0.712820 0.601740 0.038215 0.043507
0 0.746423 0.612784 0.039157 0.045515
0 0.794145 0.629853 0.040851 0.042169
0 0.823230 0.634203 0.037651 0.041499
0 0.694465 0.538153 0.045557 0.044846
0 0.728727 0.536814 0.039533 0.039491
0 0.758566 0.537483 0.038592 0.036145
0 0.782944 0.540161 0.039533 0.037483
0 0.685523 0.473394 0.045745 0.046519
0 0.705008 0.455154 0.042545 0.031459
0 0.727786 0.470716 0.038780 0.037818
0 0.763366 0.485609 0.039910 0.041499
0 0.804876 0.493307 0.043863 0.037483
0 0.842997 0.510710 0.037651 0.045515
0 0.878483 0.516064 0.040851 0.033467
0 0.904273 0.549197 0.036333 0.040830
0 0.936653 0.543340 0.039345 0.037149
0 0.745670 0.439926 0.038780 0.039826
0 0.771743 0.436245 0.032191 0.034471
0 0.792733 0.417671 0.038027 0.044177
0 0.812406 0.380689 0.042733 0.042503
0 0.845350 0.385040 0.038592 0.037818
0 0.876977 0.357430 0.041227 0.044846
0 0.908791 0.359940 0.034450 0.031794
0 0.943336 0.325803 0.040663 0.054552
