0 0.054688 0.403112 0.032191 0.032463
0 0.067206 0.389893 0.032756 0.027443
0 0.087632 0.368641 0.033697 0.025100
0 0.101186 0.388387 0.036709 0.024431
0 0.083020 0.422021 0.029367 0.035475
0 0.104480 0.430221 0.034639 0.041165
0 0.126318 0.406459 0.036898 0.035141
0 0.134413 0.426874 0.028991 0.028447
0 0.142508 0.468039 0.029367 0.043842
0 0.166133 0.475402 0.035956 0.045181
0 0.145708 0.393407 0.032756 0.024431
0 0.175546 0.410141 0.035956 0.024431
0 0.201901 0.431560 0.039721 0.030455
0 0.159639 0.425033 0.031627 0.033467
0 0.238987 0.470549 0.037462 0.039491
0 0.199360 0.543340 0.038027 0.077309
0 0.267225 0.509371 0.041227 0.042169
0 0.293204 0.530622 0.040851 0.035810
0 0.313253 0.550703 0.038780 0.038487
0 0.331702 0.583835 0.040663 0.041165
0 0.235222 0.599732 0.026544 0.054217
0 0.262236 0.650770 0.029744 0.065261
0 0.302993 0.724398 0.030309 0.064592
0 0.333208 0.777610 0.028614 0.068608
0 0.362669 0.840027 0.020520 0.062249
0 0.382342 0.892738 0.025602 0.072624
0 0.411803 0.936078 0.029932 0.072959
0 0.209996 0.383199 0.038215 0.028782
0 0.230045 0.390730 0.034262 0.029786
0 0.250188 0.393574 0.035392 0.031459
0 0.268919 0.403782 0.036333 0.032463
0 0.351657 0.438420 0.039157 0.036145
0 0.394108 0.460174 0.036709 0.042838
1 0.303464 0.388722 0.038027 0.029786
0 0.323419 0.397088 0.040663 0.032463
0 0.278050 0.366299 0.042545 0.033802
0 0.220068 0.332664 0.037651 0.035475
0 0.248870 0.322122 0.035392 0.036479
0 0.317300 0.312751 0.033697 0.030455
0 0.284921 0.337349 0.035580 0.026774
1 0.304593 0.338186 0.037274 0.022423
0 0.274379 0.306225 0.029932 0.029451
0 0.311276 0.278949 0.032568 0.038487
0 0.294145 0.295683 0.035956 0.028447
0 0.333678 0.261881 0.033321 0.031794
0 0.351751 0.258534 0.034827 0.036479
0 0.347421 0.313922 0.037086 0.035475
0 0.364552 0.315261 0.034827 0.026774
0 0.389590 0.296519 0.037462 0.022758
0 0.356175 0.349230 0.037274 0.027778
0 0.393449 0.320783 0.032003 0.029116
0 0.435429 0.478581 0.036521 0.041499
0 0.434394 0.493307 0.032191 0.035475
0 0.469785 0.515897 0.034450 0.045181
0 0.415380 0.339525 0.037086 0.031794
0 0.379800 0.343039 0.035956 0.030790
0 0.381306 0.237115 0.034074 0.037149
0 0.416698 0.221386 0.036333 0.035141
0 0.408415 0.268072 0.036709 0.030790
0 0.433641 0.251506 0.038215 0.039826
0 0.493411 0.527610 0.033886 0.043842
0 0.522496 0.540495 0.037462 0.033467
0 0.418110 0.316432 0.033886 0.026439
0 0.442489 0.313086 0.031815 0.037149
0 0.466585 0.311078 0.036333 0.031124
0 0.448701 0.220549 0.033697 0.029451
0 0.478445 0.209672 0.032568 0.023092
0 0.505742 0.201640 0.033697 0.025770
0 0.473456 0.247992 0.038404 0.035475
0 0.502541 0.233768 0.038592 0.031124
0 0.535297 0.217871 0.034450 0.034137
0 0.564006 0.202811 0.035768 0.037483
0 0.582267 0.207664 0.032380 0.032463
0 0.601468 0.187584 0.036145 0.036479
0 0.433453 0.365127 0.038215 0.022088
0 0.526638 0.301707 0.036333 0.021084
0 0.549605 0.285475 0.040851 0.025435
0 0.574736 0.276606 0.039157 0.027108
0 0.615587 0.255187 0.041039 0.026439
0 0.650320 0.246486 0.037462 0.028447
0 0.510166 0.312584 0.034262 0.020750
0 0.450395 0.352410 0.031062 0.019411
0 0.469127 0.338855 0.036145 0.028447
0 0.489928 0.324297 0.033321 0.030790
0 0.506871 0.336178 0.035956 0.024431
0 0.546875 0.338353 0.040663 0.029451
0 0.572383 0.354920 0.040851 0.028447
0 0.671498 0.235274 0.038780 0.026104
1 0.716585 0.212684 0.034074 0.025770
0 0.695783 0.222222 0.039533 0.022758
0 0.601186 0.346888 0.038968 0.024431
0 0.632154 0.349565 0.038780 0.031124
0 0.659262 0.357430 0.036521 0.025435
0 0.541227 0.422356 0.037651 0.035475
0 0.551581 0.427711 0.033886 0.034137
0 0.572572 0.434906 0.034827 0.041165
0 0.613517 0.424866 0.036898 0.032463
1 0.637236 0.413822 0.035392 0.017068
0 0.655873 0.416332 0.036521 0.029451
0 0.631589 0.479083 0.032003 0.042503
0 0.607304 0.487784 0.042169 0.022423
0 0.606363 0.462684 0.033886 0.039826
0 0.589797 0.471386 0.035768 0.043173
0 0.624059 0.517236 0.036898 0.038487
0 0.650885 0.547691 0.036333 0.038487
0 0.684676 0.582497 0.041039 0.045181
0 0.712161 0.625502 0.038027 0.042169
0 0.736258 0.659973 0.043298 0.032798
0 0.752824 0.699967 0.038780 0.049197
0 0.771084 0.726908 0.033133 0.055556
0 0.690700 0.496319 0.039910 0.043507
0 0.655026 0.483768 0.033697 0.038487
0 0.728069 0.518742 0.039345 0.042838
0 0.762425 0.551707 0.040286 0.047858
0 0.796498 0.583166 0.039910 0.043842
0 0.829160 0.600402 0.028803 0.049531
0 0.856269 0.616299 0.033321 0.043173
0 0.879612 0.627677 0.036709 0.042503
0 0.680535 0.447456 0.036898 0.032129
0 0.691924 0.432062 0.037839 0.018072
0 0.710184 0.454652 0.038968 0.033802
0 0.733810 0.473561 0.040286 0.037483
0 0.773061 0.490295 0.043863 0.035475
0 0.797722 0.505020 0.040851 0.040830
0 0.833208 0.506024 0.042169 0.037483
0 0.853822 0.530455 0.041604 0.045515
1 0.772590 0.424029 0.038780 0.027443
0 0.749059 0.414491 0.042169 0.021754
0 0.796969 0.412818 0.035956 0.024431
0 0.831043 0.459170 0.035956 0.030790
0 0.779932 0.451807 0.042169 0.030120
0 0.862858 0.401941 0.042733 0.030790
0 0.812312 0.428715 0.037274 0.026104
0 0.841303 0.411814 0.039910 0.028447
1 0.872459 0.417336 0.031062 0.022088
0 0.891002 0.380522 0.039157 0.026104
0 0.917922 0.393742 0.036521 0.025770
0 0.939477 0.378347 0.037839 0.026439
0 0.903709 0.422189 0.036333 0.029116
0 0.935335 0.412483 0.030309 0.021754
0 0.981269 0.417838 0.035956 0.029116
0 0.981457 0.376339 0.032944 0.022423
0 0.959243 0.430388 0.035580 0.033467
0 0.961314 0.390228 0.035956 0.022758
