0 0.096856 0.547523 0.052899 0.036814
0 0.143072 0.566767 0.055346 0.034471
0 0.181947 0.589859 0.040851 0.029116
0 0.172440 0.625502 0.045557 0.047523
0 0.209808 0.650602 0.053652 0.045515
0 0.209149 0.603246 0.060241 0.036479
0 0.250377 0.594712 0.041416 0.046854
0 0.249435 0.638722 0.055723 0.044511
0 0.232963 0.656459 0.055911 0.063253
0 0.284356 0.612115 0.053276 0.042169
1 0.277014 0.557062 0.039721 0.032463
0 0.285862 0.703313 0.049511 0.065930
0 0.322477 0.703648 0.047063 0.057898
0 0.358904 0.752845 0.048005 0.049866
0 0.400226 0.743307 0.057605 0.048862
0 0.323325 0.586513 0.051393 0.043173
0 0.367564 0.582664 0.051017 0.030790
0 0.382342 0.607764 0.048193 0.038153
0 0.355798 0.638387 0.050452 0.060576
0 0.408321 0.673695 0.054217 0.057564
0 0.410109 0.616801 0.044992 0.031459
0 0.457925 0.679050 0.055535 0.056894
0 0.453784 0.610442 0.058170 0.040161
0 0.430064 0.574799 0.049511 0.037818
0 0.458490 0.555054 0.048758 0.049866
0 0.488046 0.541332 0.047628 0.048527
0 0.478633 0.578815 0.037839 0.034471
0 0.515343 0.587517 0.045369 0.033133
0 0.504518 0.643407 0.047816 0.052544
0 0.490776 0.710007 0.054217 0.058568
0 0.528614 0.718039 0.049699 0.065261
0 0.561465 0.751506 0.052523 0.069277
0 0.536615 0.656627 0.052146 0.047523
0 0.576525 0.694946 0.051017 0.053882
0 0.616905 0.709003 0.051205 0.046519
0 0.633754 0.750669 0.056664 0.053548
0 0.560335 0.590863 0.051770 0.041834
0 0.604292 0.591867 0.055723 0.039826
0 0.646084 0.602075 0.051581 0.033467
0 0.686559 0.603916 0.046310 0.041165
0 0.563159 0.499833 0.051393 0.037149
0 0.585467 0.494143 0.048569 0.039157
0 0.610034 0.510542 0.046498 0.036479
0 0.626412 0.538822 0.045745 0.054217
0 0.654085 0.557396 0.053276 0.049866
0 0.688159 0.439090 0.052523 0.054886
0 0.701148 0.411647 0.049887 0.048862
0 0.710373 0.392236 0.047252 0.048193
0 0.720256 0.346386 0.032756 0.038153
0 0.762989 0.347724 0.045557 0.034137
0 0.785392 0.313755 0.035768 0.032463
0 0.792075 0.265060 0.031815 0.050201
0 0.813724 0.262048 0.025791 0.038822
0 0.821442 0.275937 0.026920 0.039826
0 0.720727 0.601740 0.049134 0.040161
0 0.766190 0.604250 0.053464 0.039157
0 0.790192 0.583835 0.050264 0.048527
1 0.830572 0.537316 0.051205 0.035810
0 0.792451 0.529284 0.043486 0.041165
0 0.684300 0.508869 0.055723 0.033802
0 0.709902 0.547356 0.051958 0.039157
0 0.752447 0.514391 0.050452 0.032798
0 0.741246 0.429552 0.053652 0.050535
0 0.763931 0.410475 0.047440 0.047189
0 0.784450 0.424699 0.047440 0.046185
0 0.817300 0.457664 0.052523 0.049866
0 0.845162 0.438253 0.054029 0.042503
0 0.876035 0.473561 0.051017 0.045515
0 0.911333 0.451807 0.048946 0.038822
0 0.841962 0.221720 0.028050 0.044511
0 0.868599 0.205154 0.024849 0.052209
0 0.894767 0.193608 0.023343 0.047189
0 0.911239 0.202309 0.031438 0.036479
0 0.939006 0.491131 0.049322 0.041165
