0 0.046875 0.567771 0.044428 0.035810
0 0.060335 0.593206 0.044616 0.039157
0 0.087632 0.588688 0.048758 0.032129
0 0.119447 0.594043 0.049511 0.030790
0 0.122553 0.555054 0.046687 0.035141
0 0.085373 0.554719 0.042357 0.021754
0 0.097515 0.524264 0.040286 0.039157
0 0.133754 0.507865 0.038968 0.035810
0 0.201807 0.544846 0.044804 0.035475
0 0.238799 0.555221 0.041604 0.039491
0 0.268731 0.553380 0.040474 0.041165
0 0.307982 0.558400 0.041416 0.040495
0 0.225809 0.601406 0.050640 0.036814
0 0.258189 0.602912 0.047252 0.031124
0 0.188159 0.616633 0.047252 0.033802
0 0.180723 0.589023 0.048946 0.034806
0 0.166227 0.568106 0.049699 0.029786
0 0.316642 0.637383 0.044804 0.043173
0 0.360128 0.656961 0.043675 0.031459
0 0.393637 0.685241 0.039533 0.036479
0 0.419522 0.706995 0.042733 0.035141
0 0.444936 0.747825 0.040098 0.046519
0 0.221480 0.486278 0.036709 0.045515
0 0.241811 0.485776 0.037839 0.041165
0 0.265813 0.500669 0.034639 0.052878
0 0.279932 0.493139 0.032756 0.042503
0 0.309017 0.503514 0.039345 0.034471
0 0.333584 0.513889 0.038404 0.040495
0 0.275320 0.459672 0.034450 0.028447
0 0.300640 0.471386 0.039533 0.035810
0 0.331231 0.475234 0.039721 0.029451
0 0.351186 0.470884 0.035956 0.030790
0 0.369635 0.525100 0.039721 0.038822
0 0.406909 0.535643 0.043486 0.035141
0 0.444936 0.547021 0.039721 0.037149
0 0.474868 0.555723 0.044239 0.035141
0 0.394767 0.465529 0.041039 0.033467
0 0.371706 0.458668 0.038592 0.031124
0 0.427617 0.496653 0.040474 0.033467
0 0.321348 0.436245 0.042545 0.025100
0 0.474398 0.507195 0.040286 0.038487
0 0.503106 0.524264 0.038215 0.039157
0 0.540380 0.538487 0.039721 0.034137
0 0.564571 0.547523 0.037651 0.036814
0 0.589891 0.542001 0.040851 0.036479
0 0.288780 0.429384 0.039533 0.027443
0 0.264307 0.408635 0.037651 0.025435
0 0.348833 0.377343 0.037274 0.038487
0 0.370764 0.377343 0.039345 0.036479
0 0.394578 0.364123 0.043675 0.037483
0 0.424887 0.409471 0.037651 0.041165
0 0.443618 0.400937 0.039345 0.034137
0 0.469221 0.416667 0.041604 0.035475
0 0.485881 0.394913 0.041416 0.026104
0 0.441265 0.364793 0.041416 0.025435
0 0.499153 0.351908 0.037086 0.033802
0 0.518166 0.357095 0.040474 0.032798
0 0.522590 0.413153 0.042922 0.029116
0 0.504424 0.450301 0.041604 0.037818
0 0.517790 0.484940 0.031438 0.059572
0 0.543204 0.488956 0.040098 0.044846
0 0.578878 0.490797 0.041792 0.038487
0 0.624623 0.522423 0.044428 0.035475
0 0.650320 0.546185 0.041604 0.030120
0 0.680064 0.571285 0.042733 0.036814
0 0.706702 0.588688 0.042545 0.038822
0 0.732963 0.617303 0.041227 0.041834
0 0.559394 0.425703 0.037839 0.030120
0 0.590832 0.432898 0.036333 0.032463
0 0.614081 0.450971 0.039533 0.028447
0 0.528709 0.347724 0.032568 0.037483
0 0.550264 0.343039 0.036521 0.037483
0 0.570971 0.344210 0.032756 0.037149
0 0.593844 0.356928 0.037086 0.029116
0 0.617093 0.333501 0.039157 0.031794
0 0.640060 0.308400 0.038404 0.031124
0 0.606834 0.405455 0.037086 0.029116
0 0.625847 0.392905 0.032944 0.029451
0 0.649755 0.386881 0.037839 0.026774
0 0.670557 0.373829 0.041416 0.025435
0 0.713573 0.376171 0.037839 0.028112
0 0.678840 0.308568 0.037274 0.036145
0 0.708961 0.294846 0.035015 0.032798
0 0.738987 0.290328 0.027297 0.039826
0 0.766566 0.284137 0.027861 0.037483
0 0.790098 0.284806 0.031627 0.034806
0 0.707078 0.411312 0.041416 0.037483
0 0.720633 0.446954 0.035392 0.043173
0 0.742564 0.462349 0.038215 0.048527
0 0.751883 0.372657 0.039157 0.025100
0 0.787651 0.370649 0.039533 0.029116
0 0.815794 0.368307 0.039721 0.029786
0 0.840926 0.352242 0.034262 0.027108
0 0.817865 0.439759 0.041227 0.036814
0 0.780215 0.459672 0.042733 0.043173
0 0.807982 0.490797 0.044051 0.033133
0 0.835749 0.518742 0.040851 0.036814
0 0.859657 0.561914 0.037462 0.046185
0 0.883095 0.564759 0.040286 0.030455
0 0.899944 0.598394 0.040098 0.036145
0 0.852410 0.459839 0.038780 0.034137
0 0.888931 0.457664 0.035768 0.038487
0 0.922157 0.474900 0.040851 0.023427
0 0.941830 0.450971 0.036145 0.027108
0 0.968373 0.460174 0.035392 0.036145
