0 0.399096 0.045275 0.037818 0.036333
0 0.387718 0.071160 0.023092 0.030120
0 0.407129 0.088855 0.039826 0.041039
0 0.408133 0.121047 0.040495 0.035768
0 0.416834 0.147590 0.039826 0.037274
0 0.393909 0.205478 0.030120 0.040851
0 0.435408 0.193618 0.029451 0.031815
0 0.456325 0.182982 0.044511 0.029367
0 0.461178 0.206890 0.029451 0.031627
0 0.495147 0.219880 0.042503 0.026355
0 0.405790 0.245764 0.038487 0.041227
0 0.477912 0.242564 0.028112 0.033321
0 0.509036 0.248776 0.039491 0.032568
0 0.513554 0.269578 0.031794 0.027861
0 0.440930 0.270049 0.029116 0.032568
0 0.445950 0.287839 0.027778 0.036898
0 0.412483 0.292828 0.036479 0.041227
0 0.422189 0.322007 0.030455 0.035203
0 0.405120 0.350245 0.041165 0.040098
0 0.450803 0.313535 0.030790 0.035580
0 0.465361 0.343750 0.027778 0.036521
0 0.421185 0.392790 0.039826 0.036333
0 0.397423 0.429029 0.039826 0.037651
1 0.372323 0.461220 0.037149 0.030497
0 0.341198 0.491811 0.044511 0.031438
0 0.321787 0.520425 0.047189 0.031438
0 0.310408 0.548099 0.043842 0.036333
0 0.413487 0.450678 0.056560 0.028991
0 0.454150 0.411427 0.051539 0.030685
0 0.464357 0.420651 0.032463 0.030309
0 0.449465 0.434676 0.030790 0.027108
0 0.440428 0.445595 0.036145 0.037651
0 0.420515 0.469974 0.043842 0.031815
0 0.414491 0.490117 0.031794 0.034074
0 0.385040 0.510542 0.041165 0.037651
0 0.372323 0.541792 0.034471 0.038027
0 0.334337 0.560241 0.047523 0.036521
0 0.335843 0.582267 0.043173 0.038027
0 0.290495 0.605610 0.054217 0.037651
0 0.489960 0.365117 0.034806 0.036709
0 0.510375 0.288686 0.035475 0.039345
0 0.515562 0.319465 0.037818 0.034262
0 0.534471 0.347703 0.032129 0.035015
0 0.539324 0.371423 0.030455 0.028238
0 0.541165 0.386107 0.031459 0.036521
0 0.523092 0.398438 0.032798 0.031438
0 0.540830 0.417733 0.032129 0.035392
1 0.494311 0.449831 0.028782 0.035203
0 0.486948 0.467526 0.034806 0.033697
0 0.468541 0.481645 0.030120 0.030685
0 0.441098 0.491058 0.030790 0.032191
0 0.462349 0.508754 0.039826 0.033697
0 0.441098 0.536145 0.036145 0.035392
0 0.414491 0.570312 0.044511 0.032944
0 0.401606 0.596668 0.046854 0.033321
0 0.379351 0.635542 0.039826 0.035768
0 0.364123 0.664345 0.034137 0.035392
0 0.327644 0.686935 0.046854 0.037274
0 0.478916 0.602127 0.036814 0.035956
0 0.491466 0.620953 0.023762 0.029179
0 0.464190 0.636107 0.036145 0.036521
0 0.469712 0.658415 0.034471 0.030685
0 0.491801 0.666510 0.035141 0.038215
0 0.535475 0.608245 0.028782 0.035392
0 0.542503 0.618882 0.022758 0.024285
0 0.534806 0.636954 0.028782 0.034450
0 0.518072 0.652861 0.030120 0.038780
0 0.467871 0.686935 0.031459 0.036521
0 0.499498 0.689288 0.037818 0.034827
0 0.499498 0.707361 0.027778 0.030309
0 0.461847 0.716773 0.030790 0.034827
0 0.435408 0.753671 0.033467 0.041227
0 0.418675 0.790286 0.034806 0.038404
0 0.409471 0.828125 0.041834 0.037274
0 0.402276 0.865776 0.030120 0.039533
0 0.427041 0.849021 0.026774 0.038404
0 0.449297 0.825960 0.029116 0.035956
0 0.464859 0.801393 0.032129 0.039533
0 0.481426 0.770143 0.029116 0.037274
0 0.479585 0.740211 0.035475 0.038780
0 0.550870 0.744635 0.038153 0.032568
0 0.532798 0.759413 0.036814 0.028614
0 0.529786 0.782285 0.035475 0.033321
0 0.575971 0.785580 0.035475 0.034639
0 0.543842 0.814759 0.036814 0.034262
0 0.541165 0.856457 0.035475 0.032944
0 0.534806 0.891849 0.031459 0.032191
0 0.514224 0.916980 0.035141 0.031250
0 0.514224 0.945783 0.036479 0.028614
0 0.503849 0.972609 0.037818 0.029932
0 0.574632 0.800075 0.030120 0.025979
0 0.595716 0.821066 0.036145 0.032191
0 0.620315 0.844409 0.037818 0.034450
0 0.625837 0.870482 0.030120 0.029744
0 0.648929 0.887519 0.036814 0.033321
0 0.646921 0.915851 0.031459 0.031250
0 0.677711 0.933453 0.033467 0.030685
0 0.670683 0.951619 0.033467 0.032756
