0 0.074925 0.425870 0.038780 0.030455
0 0.084337 0.453815 0.039157 0.029451
0 0.104104 0.434404 0.034262 0.030120
0 0.096574 0.442604 0.032380 0.019076
0 0.111634 0.480422 0.038780 0.030455
0 0.133848 0.473561 0.031250 0.025435
0 0.137989 0.512550 0.039157 0.041165
0 0.176675 0.525268 0.041227 0.035141
0 0.205196 0.552544 0.032380 0.044177
0 0.231363 0.565763 0.032756 0.038487
0 0.153614 0.464357 0.036521 0.024431
0 0.184488 0.497155 0.037651 0.041834
0 0.197195 0.489625 0.032568 0.037483
0 0.222044 0.503849 0.032944 0.029786
0 0.252541 0.516399 0.040098 0.035475
0 0.275320 0.508701 0.041227 0.033467
0 0.304123 0.516734 0.036709 0.033467
0 0.335184 0.529284 0.037839 0.033133
0 0.360505 0.535475 0.036145 0.035475
0 0.380930 0.535475 0.038215 0.033467
0 0.150132 0.409304 0.038215 0.023427
0 0.173758 0.430054 0.038027 0.022758
0 0.190794 0.419511 0.042733 0.034471
0 0.212444 0.385375 0.037462 0.026439
0 0.227974 0.376339 0.035768 0.035141
0 0.245200 0.377845 0.034450 0.030790
0 0.275791 0.386714 0.038780 0.037818
0 0.307605 0.366633 0.037274 0.029786
0 0.341303 0.362952 0.037651 0.028447
0 0.377165 0.361780 0.036709 0.028782
0 0.405120 0.370984 0.033509 0.019746
0 0.407756 0.355589 0.025226 0.017068
0 0.426017 0.355254 0.035768 0.032463
0 0.277014 0.419511 0.037086 0.034471
0 0.304593 0.415328 0.038404 0.035475
0 0.321819 0.394076 0.036333 0.031124
0 0.347797 0.416499 0.038968 0.033802
0 0.365681 0.407798 0.027297 0.029116
0 0.386672 0.410810 0.035768 0.029116
0 0.412086 0.430723 0.038780 0.036145
0 0.438253 0.412483 0.037274 0.032463
0 0.471103 0.407463 0.033697 0.039826
0 0.492564 0.380522 0.033321 0.034137
0 0.520425 0.374163 0.034827 0.038822
0 0.543769 0.362952 0.027673 0.031124
0 0.445030 0.439090 0.028991 0.022088
0 0.462632 0.445114 0.034074 0.029451
0 0.478163 0.444946 0.030873 0.026439
0 0.496047 0.455656 0.032756 0.032463
0 0.528426 0.444444 0.034639 0.024766
0 0.561841 0.443608 0.035956 0.030455
0 0.596291 0.433902 0.035956 0.030455
0 0.623682 0.429886 0.032380 0.029786
0 0.642978 0.441098 0.030309 0.026104
0 0.675734 0.445114 0.032568 0.033467
0 0.706984 0.446787 0.034074 0.039491
0 0.730798 0.426372 0.033133 0.032129
0 0.756871 0.423360 0.029556 0.037483
0 0.785768 0.418842 0.031627 0.029116
0 0.326807 0.471888 0.038780 0.040161
0 0.350998 0.463521 0.038215 0.029451
0 0.371800 0.477912 0.036898 0.032129
0 0.384977 0.510877 0.033133 0.035141
0 0.409262 0.520415 0.033133 0.039491
0 0.428840 0.519913 0.035015 0.032463
0 0.452654 0.509036 0.038215 0.026774
0 0.477221 0.539491 0.036898 0.032129
0 0.504330 0.491968 0.038404 0.029451
0 0.520425 0.512550 0.036333 0.025770
0 0.541039 0.509203 0.036145 0.028447
0 0.553276 0.479083 0.041416 0.038487
0 0.577748 0.493474 0.037274 0.035141
0 0.592715 0.468206 0.033697 0.030790
0 0.610881 0.469712 0.032756 0.032463
0 0.626977 0.492135 0.031062 0.025770
0 0.654838 0.471720 0.038215 0.034471
0 0.686747 0.493641 0.039533 0.029451
0 0.702466 0.492470 0.031062 0.025100
0 0.733904 0.505522 0.038592 0.033802
0 0.765625 0.510207 0.035768 0.033133
0 0.794992 0.531627 0.037651 0.029116
0 0.824642 0.518072 0.038968 0.033467
0 0.853257 0.524264 0.035580 0.038487
0 0.871611 0.515897 0.032380 0.031124
0 0.513366 0.543842 0.037651 0.038822
0 0.543204 0.554886 0.034450 0.039491
0 0.567395 0.580154 0.028991 0.045850
0 0.591209 0.593708 0.035203 0.041499
0 0.586408 0.525602 0.037651 0.041165
0 0.617188 0.535977 0.032944 0.031124
0 0.645896 0.536814 0.038027 0.038822
0 0.675922 0.551707 0.032944 0.031124
0 0.704443 0.553380 0.039533 0.033133
0 0.728822 0.561412 0.035203 0.029116
0 0.752447 0.555221 0.038404 0.030120
0 0.777297 0.563086 0.030497 0.027108
0 0.808170 0.567604 0.037274 0.041499
0 0.837726 0.577644 0.038780 0.032798
0 0.874718 0.587517 0.035580 0.039826
0 0.903614 0.599565 0.034262 0.031124
0 0.925169 0.588353 0.036333 0.029451
