0 0.512048 0.068618 0.030120 0.038592
0 0.520415 0.096386 0.029451 0.038404
0 0.564926 0.113611 0.034137 0.038215
0 0.569779 0.142978 0.039157 0.041227
0 0.477075 0.178840 0.044511 0.046687
0 0.445448 0.217809 0.053548 0.042922
0 0.495649 0.195595 0.050201 0.030873
0 0.480087 0.219597 0.047858 0.026920
0 0.367805 0.259036 0.052878 0.042169
0 0.368307 0.301393 0.043842 0.039910
0 0.327142 0.326525 0.049197 0.042733
0 0.475904 0.240681 0.062918 0.026920
0 0.441600 0.271367 0.043842 0.033697
0 0.483768 0.263084 0.039157 0.034827
0 0.512383 0.270237 0.029451 0.026920
0 0.541499 0.261954 0.030120 0.034450
0 0.537985 0.290004 0.039157 0.035956
0 0.456827 0.294710 0.037483 0.029932
0 0.430388 0.315512 0.040830 0.035768
0 0.473394 0.323701 0.031124 0.041227
0 0.449465 0.336220 0.034137 0.035015
0 0.395248 0.354763 0.050201 0.037086
0 0.438755 0.366152 0.034806 0.035768
0 0.409973 0.385448 0.028782 0.034827
1 0.366633 0.384319 0.059906 0.029932
0 0.349063 0.403991 0.069612 0.035392
0 0.359438 0.441077 0.036145 0.042169
0 0.308066 0.438347 0.057229 0.032191
0 0.276941 0.474021 0.052544 0.038027
0 0.328313 0.474492 0.032798 0.036333
0 0.296185 0.501130 0.038153 0.044051
0 0.261881 0.530497 0.036479 0.035392
0 0.228079 0.555535 0.048527 0.042545
0 0.529618 0.347139 0.027108 0.033509
0 0.534471 0.370294 0.033467 0.042169
0 0.553046 0.393166 0.040495 0.041227
0 0.481760 0.409262 0.060576 0.030497
0 0.495649 0.426770 0.032798 0.035015
0 0.474230 0.446630 0.042169 0.038968
0 0.453815 0.472703 0.030120 0.039910
0 0.410141 0.486916 0.052544 0.036333
0 0.414324 0.523061 0.042169 0.041227
0 0.370315 0.540474 0.047858 0.039533
0 0.356258 0.571913 0.056560 0.033133
0 0.314926 0.604669 0.050201 0.040286
0 0.323963 0.617846 0.041499 0.034639
0 0.288487 0.643919 0.053548 0.041604
0 0.568608 0.457643 0.038153 0.037651
0 0.601238 0.473739 0.043173 0.032191
0 0.637048 0.481363 0.047858 0.025979
0 0.528447 0.528614 0.046854 0.035392
0 0.540328 0.550452 0.039157 0.037651
0 0.503681 0.574642 0.037483 0.036709
0 0.494980 0.599868 0.042169 0.036333
0 0.535643 0.576901 0.035810 0.034074
0 0.558568 0.603069 0.032798 0.031062
0 0.561914 0.622082 0.034137 0.036709
0 0.508032 0.627541 0.044846 0.038592
0 0.545515 0.651261 0.033467 0.043486
1 0.520917 0.673193 0.038487 0.035768
0 0.482764 0.662368 0.039157 0.041604
0 0.478246 0.693806 0.036814 0.039345
0 0.452811 0.720633 0.042169 0.040286
0 0.440596 0.751130 0.042503 0.037651
0 0.522256 0.693053 0.042503 0.035203
0 0.511044 0.723550 0.032798 0.043863
0 0.478748 0.750471 0.044511 0.037086
0 0.450301 0.787745 0.043842 0.040474
0 0.417169 0.812029 0.040495 0.042733
0 0.418005 0.848550 0.046185 0.039721
0 0.598728 0.685429 0.032129 0.037274
0 0.622657 0.702560 0.032463 0.039533
0 0.628347 0.731834 0.037149 0.038592
0 0.603916 0.720821 0.031794 0.039533
0 0.609605 0.748494 0.025100 0.030873
0 0.620147 0.771555 0.029451 0.038215
0 0.591031 0.771367 0.032129 0.041604
1 0.579652 0.789439 0.027443 0.033321
0 0.641734 0.796310 0.037149 0.040286
0 0.634538 0.831796 0.031459 0.037839
0 0.643742 0.856834 0.029116 0.038968
0 0.574799 0.811747 0.027778 0.034262
0 0.562416 0.833020 0.027778 0.038404
0 0.536814 0.864458 0.033467 0.047816
0 0.545683 0.879612 0.027778 0.030309
0 0.518909 0.911333 0.031124 0.041039
0 0.490295 0.941265 0.033467 0.039533
0 0.469712 0.966773 0.037818 0.036333
0 0.450469 0.986258 0.036814 0.027485
0 0.662818 0.902297 0.040495 0.038027
1 0.647925 0.879236 0.021419 0.025791
0 0.659304 0.925640 0.028112 0.034262
