0 0.221668 0.430221 0.048381 0.041834
0 0.258566 0.425870 0.043110 0.038487
0 0.285015 0.410810 0.039157 0.031124
0 0.317865 0.422356 0.048758 0.031459
0 0.360222 0.442938 0.047252 0.035810
0 0.082549 0.509203 0.051393 0.031124
0 0.120670 0.529953 0.053840 0.047189
0 0.147873 0.523762 0.051393 0.030790
0 0.186653 0.542838 0.049887 0.034806
0 0.178276 0.490127 0.045934 0.025770
0 0.199360 0.499665 0.051581 0.030120
0 0.232210 0.537483 0.042733 0.041499
0 0.268449 0.555221 0.037274 0.036145
0 0.300828 0.560074 0.042922 0.043173
0 0.330384 0.585007 0.037651 0.036814
0 0.362293 0.599732 0.038592 0.044177
0 0.388742 0.600067 0.041416 0.039491
0 0.312406 0.484605 0.046875 0.040830
0 0.349680 0.523762 0.046122 0.038822
0 0.358434 0.481091 0.045181 0.042503
0 0.395708 0.476740 0.040663 0.037818
0 0.405403 0.448126 0.048381 0.024096
0 0.440983 0.475067 0.046875 0.046519
0 0.465832 0.471888 0.045745 0.042838
0 0.495200 0.486613 0.041604 0.046185
0 0.412368 0.505857 0.044992 0.050535
0 0.432605 0.542503 0.035392 0.035475
0 0.456231 0.555388 0.034074 0.048527
0 0.484093 0.567938 0.040098 0.043507
0 0.518731 0.577811 0.046122 0.051205
0 0.432511 0.586178 0.046122 0.049866
0 0.461785 0.632195 0.041416 0.057564
0 0.495858 0.653614 0.038780 0.056894
0 0.521367 0.676539 0.044616 0.047858
1 0.779367 0.502343 0.043298 0.048862
0 0.812218 0.490462 0.041604 0.044511
0 0.848268 0.551874 0.042169 0.056894
0 0.882154 0.574799 0.035392 0.059906
0 0.907662 0.621653 0.036333 0.052544
0 0.938724 0.647925 0.031815 0.060241
0 0.967809 0.691265 0.031627 0.053882
0 0.852316 0.618809 0.039721 0.044177
0 0.818524 0.606928 0.035015 0.055890
0 0.792169 0.594210 0.039157 0.047189
0 0.753577 0.563755 0.031250 0.050535
0 0.724962 0.544009 0.045181 0.045181
0 0.681664 0.508869 0.038027 0.049866
0 0.617941 0.459672 0.041980 0.037818
0 0.646178 0.453481 0.043863 0.033467
0 0.671122 0.447791 0.039910 0.024766
0 0.591020 0.618474 0.047252 0.052209
0 0.629236 0.654451 0.046875 0.053882
0 0.663874 0.674866 0.040851 0.052544
0 0.692865 0.720549 0.044992 0.062249
0 0.697572 0.398260 0.045745 0.028112
0 0.721103 0.394244 0.032944 0.033467
0 0.744729 0.403614 0.038780 0.041499
0 0.777203 0.430890 0.045369 0.048527
0 0.805817 0.445950 0.047252 0.044511
0 0.841585 0.425535 0.044992 0.035141
0 0.881871 0.444946 0.045745 0.045181
0 0.909827 0.434070 0.037651 0.028782
0 0.945312 0.460007 0.051017 0.043842
0 0.968938 0.451807 0.038404 0.030120
0 0.580290 0.335676 0.041980 0.036814
0 0.620482 0.328313 0.038404 0.035475
0 0.645990 0.342202 0.040474 0.047189
0 0.678652 0.325134 0.033509 0.040495
0 0.708867 0.326138 0.029179 0.045181
0 0.737387 0.302878 0.035015 0.044846
0 0.601657 0.391399 0.039910 0.045850
0 0.575113 0.395080 0.032380 0.021754
0 0.554217 0.381191 0.041039 0.034137
0 0.561841 0.424699 0.047252 0.034806
0 0.514119 0.402610 0.036898 0.027443
0 0.469127 0.388554 0.043675 0.029451
0 0.494258 0.391734 0.034827 0.025770
0 0.527673 0.357262 0.042545 0.029116
0 0.250847 0.471888 0.051393 0.030790
0 0.284733 0.499665 0.043863 0.035475
0 0.555535 0.619143 0.044428 0.048862
1 0.394955 0.569612 0.048569 0.054217
