0 0.091209 0.619143 0.048005 0.038822
0 0.059300 0.632195 0.047816 0.040161
0 0.121706 0.648260 0.050640 0.032129
0 0.136295 0.611780 0.040286 0.035475
0 0.167451 0.615127 0.039721 0.029451
0 0.176299 0.613286 0.039345 0.032463
0 0.170557 0.652443 0.045557 0.043842
0 0.203690 0.666165 0.046310 0.035141
0 0.201619 0.616131 0.038780 0.046854
0 0.227221 0.615964 0.037651 0.036479
0 0.257154 0.626004 0.048193 0.027778
0 0.275979 0.624498 0.036898 0.036145
0 0.298569 0.627008 0.035768 0.029786
0 0.243505 0.661479 0.044239 0.037149
0 0.261295 0.667001 0.043298 0.036814
0 0.292075 0.665663 0.043863 0.038153
0 0.318524 0.619478 0.037651 0.033467
0 0.336596 0.647256 0.041039 0.042169
0 0.370482 0.662483 0.035392 0.037818
0 0.406532 0.667336 0.038215 0.042838
0 0.435335 0.688253 0.037839 0.034471
0 0.459055 0.688420 0.037839 0.040161
0 0.479386 0.691265 0.041980 0.038487
0 0.143355 0.540997 0.043486 0.033133
0 0.132248 0.516901 0.048381 0.033133
0 0.171216 0.513722 0.042357 0.034137
0 0.182511 0.542503 0.043110 0.036145
0 0.203313 0.558902 0.038027 0.034137
0 0.204819 0.486948 0.041792 0.037483
0 0.244447 0.477075 0.041227 0.039826
0 0.229480 0.548360 0.042169 0.029116
0 0.277861 0.459003 0.038404 0.042503
0 0.312406 0.437584 0.034827 0.042503
0 0.340361 0.429384 0.033886 0.043507
0 0.363893 0.423862 0.039910 0.039157
0 0.256306 0.514056 0.040098 0.037483
0 0.271461 0.498996 0.038027 0.042838
0 0.298005 0.496821 0.041039 0.035141
0 0.324925 0.502677 0.034262 0.038153
0 0.340079 0.529284 0.040474 0.026439
0 0.358245 0.503681 0.039157 0.037483
0 0.335090 0.581660 0.041792 0.042838
0 0.361822 0.567938 0.039533 0.027443
0 0.368976 0.599565 0.038027 0.045181
0 0.387048 0.584672 0.042169 0.042169
0 0.401261 0.609270 0.043110 0.039826
0 0.418486 0.632195 0.035015 0.048193
0 0.437688 0.640395 0.035768 0.049866
0 0.411803 0.541165 0.037086 0.031459
0 0.395520 0.474732 0.035768 0.043173
0 0.427146 0.470549 0.033133 0.042169
0 0.430817 0.550033 0.040098 0.033802
0 0.452466 0.577811 0.044239 0.035141
0 0.472139 0.581660 0.039910 0.031459
0 0.456137 0.616299 0.031250 0.038487
0 0.474586 0.620649 0.042922 0.029116
0 0.482681 0.655622 0.038404 0.034806
0 0.511672 0.651774 0.036521 0.052544
0 0.539627 0.644244 0.034827 0.046185
0 0.568901 0.648427 0.036521 0.040495
0 0.498117 0.575636 0.040663 0.034137
1 0.518449 0.578313 0.031627 0.016064
0 0.536145 0.559906 0.039157 0.026104
0 0.564194 0.591031 0.039533 0.038822
0 0.597797 0.652778 0.038968 0.033802
0 0.626318 0.660141 0.038027 0.033802
0 0.644767 0.678213 0.041416 0.042503
0 0.598550 0.598394 0.040098 0.045515
0 0.634319 0.618307 0.039345 0.037149
0 0.665474 0.611278 0.038027 0.038487
0 0.685900 0.649933 0.033321 0.036145
0 0.711502 0.646921 0.036333 0.048862
0 0.591491 0.561245 0.037651 0.030790
0 0.608716 0.558568 0.039721 0.036145
0 0.626506 0.557229 0.039910 0.032798
0 0.647214 0.550535 0.038027 0.036814
0 0.673193 0.539157 0.039910 0.035475
0 0.701713 0.580321 0.040474 0.034806
0 0.683076 0.521419 0.043863 0.039491
0 0.736540 0.589859 0.032568 0.041165
0 0.768355 0.614123 0.035956 0.036145
0 0.698889 0.501339 0.041980 0.020080
0 0.745670 0.537651 0.035768 0.033802
0 0.725904 0.524096 0.036145 0.023427
0 0.731739 0.514893 0.031627 0.033133
0 0.770049 0.516734 0.043110 0.042169
0 0.761107 0.467369 0.039533 0.042503
0 0.782756 0.474063 0.039157 0.039157
0 0.796122 0.515228 0.038780 0.039157
0 0.825395 0.546854 0.040098 0.040161
0 0.802617 0.624163 0.039345 0.037483
0 0.829443 0.631526 0.036898 0.036814
0 0.853069 0.632530 0.035956 0.036814
0 0.861446 0.544511 0.037651 0.041499
0 0.890248 0.586178 0.036898 0.038487
0 0.920557 0.569946 0.037274 0.030120
0 0.945312 0.604250 0.036709 0.032463
0 0.965267 0.592537 0.038592 0.039826
0 0.797440 0.441600 0.034262 0.027778
0 0.797628 0.468373 0.035768 0.051205
0 0.822760 0.480924 0.037839 0.035475
0 0.845068 0.482764 0.042169 0.031124
0 0.876035 0.496151 0.040851 0.038487
0 0.900320 0.507865 0.040098 0.038487
0 0.935429 0.522423 0.041039 0.042169
0 0.936182 0.505355 0.040663 0.035475
0 0.462538 0.459337 0.036521 0.037149
0 0.488799 0.468708 0.033697 0.039157
0 0.516755 0.452979 0.033886 0.042503
0 0.538498 0.465696 0.040098 0.043842
0 0.542545 0.447289 0.035392 0.027778
0 0.559770 0.468708 0.032568 0.044511
0 0.576995 0.462182 0.028991 0.048193
0 0.596668 0.464859 0.031815 0.039491
0 0.617376 0.471553 0.032568 0.035475
0 0.631777 0.443775 0.037651 0.035475
0 0.662274 0.451807 0.039910 0.026774
0 0.691453 0.448293 0.036898 0.034471
0 0.722609 0.437918 0.030685 0.028447
0 0.746988 0.436747 0.034639 0.038822
0 0.773155 0.434237 0.036521 0.031794
