0 0.065983 0.407463 0.057794 0.053213
0 0.144014 0.409639 0.060241 0.047523
0 0.185335 0.434237 0.055158 0.035141
0 0.219127 0.469210 0.054217 0.040161
0 0.235599 0.478748 0.056288 0.042503
0 0.273720 0.512383 0.050452 0.038822
0 0.118599 0.354585 0.053464 0.032463
0 0.133283 0.328146 0.048946 0.030455
0 0.169428 0.337851 0.051581 0.034471
0 0.161333 0.375669 0.039910 0.026439
1 0.189100 0.366131 0.048758 0.031459
0 0.265719 0.410977 0.049887 0.046854
0 0.247741 0.420181 0.038780 0.064592
0 0.296875 0.440261 0.045181 0.047189
0 0.216114 0.346720 0.052711 0.037483
0 0.245105 0.330823 0.047816 0.029116
0 0.286145 0.343206 0.046687 0.034471
0 0.313253 0.326473 0.048569 0.030455
0 0.337161 0.339190 0.050452 0.045850
0 0.327184 0.436580 0.044804 0.047858
0 0.362199 0.482932 0.044051 0.056225
0 0.404838 0.509371 0.042733 0.062249
0 0.442771 0.552041 0.040663 0.059237
0 0.479198 0.589525 0.035580 0.063253
0 0.512895 0.619645 0.041604 0.060576
0 0.377541 0.314759 0.052146 0.034471
0 0.426770 0.342871 0.047816 0.057229
0 0.470162 0.376841 0.041604 0.054886
0 0.364552 0.273260 0.051017 0.032463
0 0.401167 0.250837 0.045557 0.045181
0 0.434488 0.298527 0.044428 0.035475
0 0.459620 0.311245 0.041227 0.037483
0 0.448042 0.283133 0.044051 0.032129
0 0.475527 0.270080 0.045557 0.036814
0 0.506401 0.259705 0.043298 0.029451
0 0.487105 0.342537 0.049887 0.039157
0 0.506777 0.426205 0.037274 0.061245
0 0.531815 0.458166 0.042169 0.052209
0 0.563724 0.484270 0.046122 0.058902
0 0.655215 0.555221 0.046498 0.055556
0 0.620764 0.522256 0.044616 0.051874
0 0.596291 0.472892 0.050264 0.042169
0 0.560147 0.433902 0.041980 0.057229
0 0.526638 0.390730 0.052523 0.049197
0 0.546969 0.241131 0.042733 0.033802
0 0.573513 0.229083 0.044616 0.031794
0 0.605422 0.244980 0.043298 0.040830
0 0.640719 0.207999 0.049511 0.032463
0 0.677899 0.225904 0.047063 0.033467
0 0.726751 0.234940 0.043486 0.038153
0 0.753012 0.221720 0.038780 0.040495
0 0.785768 0.230422 0.046310 0.042503
0 0.634883 0.338521 0.048381 0.035141
0 0.659544 0.358266 0.046122 0.033133
0 0.689947 0.378012 0.048569 0.037818
0 0.723927 0.408802 0.054405 0.035810
0 0.702090 0.474230 0.060429 0.062918
0 0.730704 0.470382 0.051770 0.058568
0 0.744729 0.522423 0.044428 0.062249
0 0.786427 0.568273 0.044239 0.077644
0 0.828690 0.618307 0.044051 0.074632
0 0.865870 0.679552 0.039345 0.071954
0 0.909356 0.725904 0.045369 0.073628
0 0.930346 0.767570 0.043675 0.074632
0 0.951525 0.807731 0.041604 0.069946
0 0.785768 0.449799 0.052334 0.038822
0 0.832361 0.486446 0.054029 0.047858
0 0.863799 0.516064 0.047628 0.038822
0 0.900226 0.549699 0.048569 0.047858
0 0.926958 0.566600 0.050452 0.044177
