0 0.084526 0.472724 0.042922 0.049866
0 0.122459 0.497323 0.040474 0.050870
0 0.148814 0.502008 0.046875 0.049531
0 0.151261 0.518407 0.041980 0.040161
0 0.186370 0.530120 0.046687 0.044177
0 0.217809 0.535977 0.051958 0.044511
0 0.261201 0.538822 0.050640 0.042838
0 0.292922 0.582497 0.050452 0.048527
0 0.330572 0.607932 0.054217 0.045850
0 0.364458 0.649096 0.052334 0.043173
0 0.162274 0.461345 0.054593 0.041834
0 0.212349 0.492303 0.053840 0.046854
0 0.259036 0.503681 0.044051 0.039491
0 0.287368 0.506024 0.053276 0.052878
0 0.327843 0.525100 0.046122 0.056225
0 0.247082 0.473394 0.047252 0.024431
0 0.353727 0.505020 0.051958 0.039491
0 0.377918 0.522423 0.053276 0.040161
0 0.399285 0.575469 0.055723 0.056560
0 0.448136 0.585007 0.052146 0.065596
0 0.475904 0.629518 0.050828 0.056225
0 0.524191 0.643574 0.051017 0.060241
0 0.565136 0.674029 0.050452 0.066934
0 0.602221 0.690763 0.051958 0.067604
0 0.208114 0.408969 0.047252 0.046185
0 0.232492 0.397088 0.041792 0.032463
0 0.264684 0.404116 0.047440 0.037149
0 0.297816 0.427878 0.050828 0.049866
0 0.313159 0.461680 0.044992 0.044511
0 0.339985 0.446452 0.047440 0.059572
0 0.383471 0.437082 0.050452 0.056894
0 0.424699 0.465361 0.051205 0.051205
0 0.455855 0.451975 0.051393 0.058568
0 0.496611 0.472892 0.048193 0.044846
0 0.527297 0.463353 0.051958 0.053882
0 0.565700 0.473394 0.044051 0.053213
0 0.538309 0.433568 0.051770 0.033802
0 0.567771 0.425033 0.048193 0.032798
0 0.594785 0.414659 0.049887 0.034806
0 0.622647 0.460509 0.047628 0.049531
0 0.650226 0.456325 0.048569 0.044511
0 0.680817 0.475234 0.036709 0.051539
0 0.721574 0.496821 0.047063 0.043842
0 0.758471 0.503347 0.046687 0.047523
0 0.812312 0.518909 0.054970 0.043842
0 0.842150 0.518742 0.048758 0.034137
0 0.464703 0.347724 0.046122 0.039491
0 0.492564 0.347390 0.045745 0.041499
0 0.508471 0.346553 0.041416 0.048527
0 0.539439 0.348561 0.041980 0.045850
0 0.561747 0.344210 0.039533 0.038487
0 0.589703 0.342871 0.044239 0.034471
0 0.623212 0.365462 0.047252 0.034137
0 0.659450 0.332329 0.057605 0.040161
0 0.699454 0.340863 0.044616 0.045181
0 0.741811 0.353414 0.046498 0.041499
0 0.765531 0.358266 0.041604 0.045850
0 0.678276 0.394746 0.050075 0.042503
0 0.718656 0.388220 0.049887 0.037483
0 0.745576 0.404618 0.049887 0.038822
0 0.779273 0.422858 0.049887 0.047858
0 0.829819 0.421017 0.051205 0.040161
0 0.861916 0.443273 0.048381 0.045181
0 0.898814 0.452644 0.047628 0.049866
0 0.940136 0.463855 0.051205 0.034137
0 0.951054 0.487282 0.048569 0.036145
