0 0.069559 0.508869 0.057041 0.035810
0 0.106928 0.535643 0.054217 0.043842
0 0.137519 0.521252 0.058547 0.037149
0 0.174322 0.546519 0.062123 0.048862
0 0.206984 0.517570 0.054782 0.040495
0 0.256118 0.539324 0.048005 0.042503
0 0.299134 0.563253 0.052334 0.046854
0 0.338573 0.588855 0.048005 0.049197
0 0.377353 0.607095 0.043486 0.049531
0 0.409262 0.618976 0.055723 0.050535
0 0.241152 0.475067 0.049699 0.043842
0 0.288592 0.481426 0.050452 0.035141
0 0.322195 0.521252 0.051770 0.047189
0 0.366058 0.537818 0.046122 0.049531
0 0.402485 0.554886 0.044051 0.044846
0 0.444089 0.575803 0.053087 0.038487
0 0.344315 0.434906 0.045557 0.038487
0 0.355986 0.427711 0.043675 0.030120
0 0.417922 0.429886 0.049322 0.039826
0 0.372741 0.498829 0.043675 0.044511
0 0.389119 0.482095 0.042545 0.042503
0 0.422534 0.513220 0.037086 0.051205
0 0.451525 0.541667 0.044992 0.043173
0 0.455478 0.512383 0.046122 0.037483
0 0.484375 0.517403 0.041416 0.048862
0 0.436559 0.462015 0.042922 0.037149
0 0.464138 0.452142 0.043863 0.035475
0 0.489834 0.414491 0.050452 0.035141
0 0.514778 0.478581 0.042357 0.043507
0 0.508471 0.515060 0.041416 0.054217
0 0.538874 0.518240 0.050264 0.045181
0 0.542545 0.449130 0.048569 0.033467
0 0.560053 0.476740 0.044428 0.035810
0 0.586408 0.494143 0.041416 0.042503
0 0.563347 0.569612 0.047252 0.040830
0 0.563912 0.554552 0.041227 0.035475
0 0.608904 0.582999 0.047628 0.054217
0 0.640813 0.610107 0.045934 0.044846
0 0.676675 0.616801 0.044616 0.045515
0 0.701525 0.647423 0.049511 0.048527
0 0.641566 0.555556 0.048946 0.052209
0 0.619164 0.522088 0.050828 0.042838
0 0.715079 0.471888 0.046498 0.037483
0 0.588197 0.532798 0.041980 0.043507
0 0.553558 0.506359 0.044616 0.040830
0 0.598645 0.465027 0.046310 0.034471
0 0.620482 0.483936 0.037274 0.032129
0 0.646743 0.494813 0.044992 0.033133
0 0.670745 0.526439 0.046687 0.041499
0 0.702843 0.529618 0.050640 0.030455
0 0.734375 0.558902 0.048569 0.042169
0 0.761107 0.567436 0.049322 0.044511
0 0.785203 0.595382 0.046687 0.048862
0 0.806194 0.584170 0.049511 0.038487
1 0.764495 0.507865 0.049322 0.037149
0 0.742282 0.476573 0.047816 0.030120
0 0.813159 0.532296 0.054029 0.033133
0 0.846574 0.547858 0.046310 0.039491
0 0.763554 0.406292 0.048946 0.029451
0 0.801958 0.408802 0.041416 0.043842
0 0.844503 0.401774 0.047063 0.037149
0 0.888366 0.555723 0.046310 0.039157
0 0.908415 0.560743 0.039345 0.037149
0 0.943430 0.563922 0.049511 0.032129
0 0.865305 0.395582 0.039345 0.044177
0 0.906438 0.375335 0.041792 0.043173
0 0.929217 0.378012 0.045934 0.037149
