0 0.466198 0.118129 0.045515 0.063065
0 0.459505 0.181476 0.049531 0.060994
0 0.478581 0.211785 0.058902 0.071160
0 0.451138 0.259130 0.034137 0.050264
0 0.440428 0.290851 0.058902 0.060994
0 0.410308 0.337726 0.050201 0.053464
0 0.487282 0.333678 0.033467 0.057041
0 0.448293 0.354575 0.057229 0.058170
0 0.398929 0.391755 0.050870 0.058358
0 0.450803 0.403332 0.046185 0.055535
0 0.410810 0.440794 0.055890 0.055911
0 0.379351 0.488140 0.051874 0.062877
0 0.332329 0.527391 0.061580 0.055158
0 0.317604 0.576619 0.052878 0.061370
0 0.269746 0.616811 0.057564 0.060053
0 0.458668 0.445312 0.049197 0.057794
0 0.470549 0.486352 0.058902 0.057417
0 0.449465 0.526638 0.059572 0.051017
0 0.476573 0.566077 0.051539 0.058358
0 0.501673 0.615870 0.052878 0.059300
0 0.505355 0.665098 0.050201 0.059111
0 0.569946 0.668110 0.062918 0.056099
0 0.526774 0.716962 0.058233 0.057794
0 0.573795 0.722515 0.065930 0.055723
0 0.610442 0.775226 0.059572 0.049699
0 0.626004 0.816830 0.061914 0.042545
0 0.637885 0.860787 0.062249 0.048005
