0 0.043769 0.364458 0.037086 0.036145
0 0.059959 0.398929 0.035580 0.046185
0 0.072383 0.398427 0.028803 0.045181
1 0.928652 0.347055 0.039533 0.051539
0 0.892602 0.368474 0.031062 0.033467
0 0.870482 0.352912 0.035392 0.027778
0 0.840832 0.380187 0.034450 0.035475
0 0.809864 0.370482 0.031627 0.030790
0 0.800546 0.400602 0.034450 0.029451
0 0.777767 0.408969 0.036333 0.035475
0 0.755177 0.393072 0.031062 0.039826
0 0.740776 0.391734 0.035015 0.027778
0 0.092338 0.389893 0.028426 0.031459
0 0.094032 0.434572 0.025414 0.032463
0 0.107587 0.435241 0.028803 0.038487
0 0.117282 0.404953 0.026732 0.020750
0 0.132530 0.397758 0.026732 0.036479
0 0.148626 0.406627 0.028803 0.039491
0 0.179499 0.407965 0.030309 0.034806
0 0.188441 0.440094 0.028991 0.049531
0 0.165851 0.424866 0.021837 0.041165
0 0.127730 0.432229 0.029179 0.034471
0 0.152673 0.433735 0.027485 0.026774
0 0.163686 0.458835 0.040098 0.034806
0 0.170840 0.496988 0.024661 0.060910
0 0.192112 0.501841 0.024285 0.057229
0 0.219597 0.516064 0.030685 0.044177
0 0.244729 0.521252 0.035768 0.039826
0 0.266566 0.561078 0.031627 0.044511
0 0.298287 0.573628 0.034827 0.032129
0 0.320783 0.597724 0.033133 0.032129
0 0.345538 0.611446 0.031815 0.029451
0 0.365117 0.644244 0.035956 0.036145
0 0.214232 0.443942 0.032380 0.041165
0 0.206984 0.408300 0.033697 0.032798
0 0.224962 0.391734 0.032380 0.025100
0 0.274379 0.405288 0.035580 0.037483
0 0.236728 0.417838 0.032191 0.031124
0 0.240211 0.439424 0.030873 0.025435
0 0.268166 0.439592 0.034074 0.027778
0 0.261766 0.422021 0.021649 0.019411
0 0.294428 0.434739 0.028238 0.040830
0 0.292451 0.444946 0.029556 0.026439
0 0.313818 0.433233 0.033509 0.035141
0 0.306570 0.472892 0.030685 0.028112
0 0.330290 0.490462 0.035203 0.043842
0 0.293110 0.515228 0.027485 0.051874
0 0.316359 0.526941 0.034450 0.044511
0 0.325960 0.560074 0.029556 0.042503
0 0.351092 0.582497 0.029367 0.047858
0 0.379706 0.620315 0.028238 0.047189
0 0.403426 0.636881 0.024849 0.053548
0 0.424416 0.645750 0.029556 0.049197
0 0.448513 0.666834 0.028803 0.045850
0 0.353727 0.539659 0.029744 0.044511
0 0.373494 0.550703 0.033509 0.035141
0 0.403897 0.579652 0.033697 0.035475
0 0.434488 0.608434 0.033133 0.036145
0 0.455478 0.641901 0.032191 0.037483
0 0.483998 0.675201 0.032380 0.038487
0 0.501035 0.716031 0.029179 0.043173
0 0.517602 0.732932 0.033321 0.045515
0 0.329443 0.420013 0.033133 0.041499
0 0.352410 0.428046 0.030873 0.038153
0 0.375753 0.432229 0.030873 0.026439
0 0.376035 0.477075 0.032568 0.039826
0 0.389778 0.485442 0.026544 0.047858
0 0.411145 0.493809 0.029744 0.041165
0 0.437312 0.485107 0.036145 0.035810
0 0.461408 0.525435 0.029744 0.047523
0 0.483245 0.561412 0.030120 0.049197
0 0.499247 0.597892 0.025602 0.046519
0 0.520708 0.604418 0.032380 0.046185
0 0.536521 0.623661 0.033133 0.045181
0 0.414910 0.436580 0.035768 0.031794
0 0.433641 0.446620 0.029556 0.037149
0 0.455949 0.445950 0.035015 0.037149
0 0.462349 0.463855 0.032380 0.040161
0 0.480233 0.431560 0.032380 0.038487
0 0.505177 0.440596 0.033321 0.033802
0 0.527391 0.447624 0.034074 0.034471
0 0.533886 0.469043 0.031627 0.033802
0 0.554970 0.477410 0.037274 0.033133
0 0.579349 0.470382 0.035956 0.033133
0 0.582831 0.443608 0.035015 0.030455
0 0.600433 0.443775 0.032191 0.030120
0 0.619729 0.438588 0.036898 0.029786
0 0.632718 0.421854 0.036145 0.031794
0 0.652861 0.408969 0.039533 0.030120
0 0.602786 0.483768 0.028238 0.041834
0 0.629800 0.497323 0.036709 0.036145
0 0.659639 0.491633 0.033133 0.041499
0 0.688159 0.515395 0.035203 0.034137
0 0.712538 0.521754 0.030120 0.037483
0 0.734940 0.516064 0.037651 0.035475
0 0.683923 0.444110 0.035768 0.033467
0 0.718468 0.454652 0.032944 0.037818
0 0.751788 0.468206 0.034074 0.028782
0 0.782380 0.475904 0.032003 0.033467
0 0.802240 0.476238 0.028426 0.034137
0 0.824548 0.483434 0.033133 0.030455
0 0.767037 0.442938 0.041227 0.031794
0 0.791039 0.429384 0.033509 0.034137
0 0.814006 0.443106 0.035392 0.035475
0 0.841209 0.457329 0.036709 0.035141
0 0.867941 0.463521 0.034074 0.038822
0 0.893637 0.485609 0.037274 0.032129
0 0.923193 0.472724 0.038027 0.035141
0 0.961691 0.475569 0.035956 0.027443
0 0.956419 0.499163 0.035956 0.032463
0 0.667545 0.389558 0.033509 0.030790
0 0.693053 0.387718 0.032191 0.032463
0 0.712820 0.387718 0.031438 0.025100
0 0.501977 0.376841 0.036333 0.030790
0 0.521931 0.375837 0.030309 0.034137
0 0.543298 0.379518 0.032380 0.034137
0 0.570218 0.386546 0.035768 0.032129
0 0.593373 0.395917 0.033886 0.034137
0 0.605328 0.386546 0.028803 0.028782
0 0.615776 0.352577 0.035768 0.031124
0 0.649944 0.353581 0.038968 0.027778
0 0.678181 0.351406 0.035203 0.028782
0 0.710655 0.347055 0.035015 0.034137
0 0.737858 0.347557 0.032568 0.035141
0 0.757059 0.337684 0.029932 0.029451
