0 0.086596 0.514726 0.047063 0.032129
0 0.131683 0.521252 0.048381 0.031124
0 0.175922 0.536981 0.047628 0.035810
0 0.209902 0.540161 0.043298 0.030790
0 0.236258 0.551037 0.044804 0.033802
0 0.273532 0.570114 0.045557 0.034471
0 0.336220 0.577309 0.044428 0.040830
0 0.377353 0.579819 0.046498 0.043842
0 0.413968 0.599230 0.044051 0.043173
0 0.289533 0.538822 0.047440 0.043507
0 0.237105 0.519913 0.046498 0.035141
0 0.240117 0.478079 0.043486 0.033802
0 0.259130 0.508032 0.037086 0.039491
0 0.286709 0.500335 0.043675 0.038822
0 0.313065 0.475067 0.031627 0.037818
0 0.307229 0.441265 0.044051 0.025100
0 0.362858 0.457999 0.037086 0.034471
0 0.336408 0.473896 0.036898 0.039491
0 0.333114 0.507865 0.045369 0.035141
0 0.371800 0.534471 0.046687 0.040161
0 0.449736 0.628514 0.040286 0.038822
0 0.422816 0.559070 0.040663 0.045850
0 0.459055 0.591031 0.038215 0.048862
0 0.492752 0.607597 0.035580 0.042503
0 0.520614 0.631861 0.039345 0.042169
0 0.404085 0.441600 0.041604 0.028447
0 0.419051 0.421854 0.031250 0.015730
0 0.443618 0.442436 0.039721 0.028112
0 0.382059 0.459337 0.037839 0.024431
0 0.403520 0.473896 0.043863 0.027443
0 0.437500 0.489458 0.043675 0.028447
0 0.480892 0.514726 0.045745 0.036145
0 0.523908 0.556225 0.040663 0.042838
0 0.557511 0.561412 0.042357 0.035810
0 0.583020 0.581158 0.043675 0.031794
0 0.477880 0.455321 0.043486 0.034471
0 0.505742 0.435241 0.040098 0.033802
0 0.545087 0.444779 0.040474 0.036145
0 0.530215 0.459003 0.042733 0.035141
0 0.519108 0.417001 0.038592 0.028782
0 0.500941 0.391064 0.041416 0.029116
0 0.583302 0.408969 0.043863 0.036145
0 0.555441 0.494813 0.041227 0.029786
0 0.586408 0.535475 0.038404 0.042169
0 0.617282 0.569779 0.029367 0.050535
0 0.650508 0.608936 0.035203 0.057229
0 0.670557 0.640060 0.032380 0.058568
0 0.701054 0.674699 0.028238 0.058233
0 0.620764 0.373996 0.038215 0.037149
0 0.641378 0.390395 0.042922 0.035810
0 0.658509 0.434572 0.041039 0.038487
0 0.625094 0.417671 0.039345 0.031459
0 0.698230 0.446118 0.042169 0.030120
0 0.659827 0.370649 0.040663 0.027108
0 0.736258 0.478916 0.039533 0.037483
0 0.765343 0.509705 0.039345 0.038153
0 0.689853 0.379183 0.037839 0.032798
0 0.719691 0.389056 0.040663 0.034471
0 0.757154 0.403949 0.041792 0.031459
0 0.795463 0.405455 0.041980 0.023092
0 0.827372 0.424197 0.040286 0.033802
0 0.852598 0.422523 0.036521 0.030455
0 0.883377 0.431058 0.046122 0.031459
0 0.702560 0.356091 0.042922 0.024096
0 0.722703 0.342704 0.032756 0.028782
0 0.748870 0.346218 0.036145 0.027108
0 0.785486 0.347222 0.038215 0.027778
0 0.808170 0.333501 0.040286 0.031124
0 0.847515 0.328648 0.042169 0.031459
0 0.872364 0.327477 0.035392 0.029786
0 0.900791 0.320114 0.040286 0.031794
0 0.926581 0.308066 0.044051 0.026439
