0 0.105704 0.394411 0.035203 0.036479
0 0.178558 0.434572 0.035580 0.036479
0 0.215644 0.460676 0.039721 0.039157
0 0.197195 0.437082 0.038215 0.035475
0 0.126977 0.379853 0.038215 0.025435
0 0.145614 0.402108 0.038215 0.030455
0 0.264307 0.480087 0.036521 0.036479
0 0.312123 0.520415 0.037651 0.046185
0 0.346574 0.554886 0.035392 0.040161
0 0.383942 0.592035 0.031062 0.044177
0 0.413780 0.621151 0.027108 0.058902
0 0.437218 0.649431 0.024661 0.061914
0 0.458020 0.678548 0.030497 0.053882
0 0.150414 0.387718 0.044051 0.033133
0 0.184770 0.368809 0.040098 0.028782
0 0.222421 0.384538 0.040851 0.034137
0 0.254236 0.392236 0.038968 0.038153
0 0.279273 0.411981 0.039345 0.034806
0 0.315700 0.422189 0.047063 0.043173
0 0.231834 0.311245 0.037462 0.025435
0 0.237575 0.337182 0.033509 0.027108
0 0.257530 0.319444 0.034639 0.028447
0 0.280120 0.308400 0.034262 0.026439
0 0.335938 0.413655 0.030685 0.044177
0 0.325584 0.398594 0.029932 0.046185
0 0.333867 0.385542 0.027297 0.036814
0 0.299887 0.382865 0.032003 0.040161
0 0.298852 0.338521 0.037462 0.026439
0 0.321819 0.349230 0.039345 0.031124
0 0.293675 0.365127 0.033886 0.028782
0 0.297722 0.309070 0.038215 0.025770
0 0.326337 0.310074 0.037839 0.026439
0 0.370200 0.302878 0.039345 0.025435
0 0.351374 0.366299 0.031438 0.031124
0 0.365587 0.423360 0.034262 0.036814
0 0.355045 0.355589 0.036145 0.035810
0 0.371988 0.342369 0.035392 0.030120
0 0.392037 0.346888 0.035580 0.035141
1 0.408886 0.305054 0.042169 0.021084
0 0.415474 0.428548 0.030873 0.039826
0 0.386295 0.404618 0.038027 0.028782
0 0.399285 0.419344 0.037274 0.036145
0 0.377730 0.443440 0.031062 0.047523
0 0.402861 0.471888 0.025979 0.054886
0 0.419428 0.470549 0.025979 0.051539
0 0.447289 0.432564 0.033509 0.047189
0 0.445595 0.304552 0.038027 0.027443
0 0.483434 0.297858 0.039157 0.025435
0 0.431099 0.492470 0.028238 0.057229
0 0.452654 0.515562 0.036333 0.041834
0 0.492470 0.554217 0.030120 0.052209
0 0.532474 0.590696 0.037462 0.042838
0 0.552334 0.638889 0.032380 0.046185
0 0.572948 0.678548 0.031815 0.057898
0 0.583584 0.733434 0.027108 0.067269
0 0.604763 0.762718 0.033697 0.062918
0 0.473080 0.477577 0.035015 0.038822
0 0.529179 0.541332 0.028614 0.047189
0 0.504330 0.510710 0.031250 0.043507
0 0.555535 0.564257 0.030873 0.048862
0 0.575395 0.593876 0.036709 0.041834
0 0.511013 0.298695 0.034827 0.033802
0 0.539910 0.298360 0.037651 0.025770
0 0.473645 0.326138 0.034262 0.035810
0 0.491999 0.330823 0.037086 0.029116
0 0.509883 0.325971 0.035203 0.033467
0 0.536239 0.334337 0.036709 0.028112
0 0.553370 0.330991 0.032944 0.022088
0 0.575395 0.334505 0.032191 0.023092
0 0.595538 0.337517 0.033321 0.023762
0 0.629142 0.338688 0.038027 0.027443
0 0.656156 0.352410 0.037086 0.034806
0 0.692395 0.333835 0.038027 0.035141
0 0.715456 0.347055 0.035956 0.036145
0 0.743882 0.344043 0.034450 0.038153
0 0.649002 0.429552 0.037839 0.026439
0 0.665098 0.434404 0.033509 0.026774
0 0.683829 0.445448 0.034450 0.023427
0 0.708584 0.438922 0.034262 0.037149
0 0.721950 0.416499 0.034262 0.042503
0 0.742093 0.401941 0.034262 0.036814
0 0.792169 0.386546 0.029744 0.036814
0 0.761578 0.407965 0.027673 0.040830
0 0.886483 0.316432 0.029367 0.041834
0 0.863046 0.319444 0.032191 0.040495
0 0.849680 0.346720 0.031062 0.041499
0 0.819089 0.364458 0.030873 0.042169
1 0.693995 0.507195 0.033697 0.040495
0 0.717715 0.509203 0.034450 0.025770
0 0.746047 0.531961 0.035768 0.030455
0 0.771178 0.586178 0.034450 0.048527
0 0.805723 0.591867 0.038404 0.039826
0 0.835843 0.638554 0.038404 0.046854
0 0.867941 0.669846 0.032191 0.054552
0 0.908509 0.716198 0.032756 0.052209
0 0.919898 0.728246 0.034074 0.051539
0 0.697854 0.566098 0.031627 0.057898
0 0.715550 0.603748 0.027861 0.057564
0 0.725621 0.643574 0.032568 0.058902
0 0.746235 0.654284 0.032756 0.059572
1 0.771084 0.696452 0.029367 0.067604
1 0.792263 0.744143 0.026167 0.075971
0 0.814947 0.792838 0.021461 0.071620
0 0.837538 0.835007 0.021084 0.068942
0 0.668675 0.687249 0.020708 0.063922
0 0.646743 0.652778 0.022026 0.065261
0 0.635825 0.609772 0.026544 0.060910
0 0.611352 0.585007 0.022026 0.068273
0 0.527297 0.447791 0.022590 0.052878
0 0.545934 0.454317 0.033886 0.029786
0 0.552805 0.486446 0.023155 0.050535
0 0.572760 0.508199 0.025414 0.050535
0 0.484187 0.403949 0.027485 0.052878
0 0.505271 0.421687 0.024096 0.052209
0 0.596480 0.539826 0.027297 0.055556
