0 0.105233 0.510542 0.049699 0.044511
0 0.143166 0.522088 0.038592 0.036814
0 0.077466 0.520080 0.043486 0.034137
0 0.037933 0.505020 0.048381 0.040161
0 0.183264 0.502510 0.048381 0.040495
0 0.236822 0.515730 0.048193 0.046185
0 0.274944 0.525100 0.048381 0.046185
0 0.209808 0.442771 0.050264 0.042838
0 0.227221 0.408467 0.039533 0.027778
0 0.258283 0.406292 0.042922 0.045515
0 0.315041 0.520415 0.043486 0.036814
0 0.344221 0.554719 0.045745 0.052544
0 0.378012 0.562918 0.046687 0.049531
0 0.281627 0.492637 0.044428 0.027443
0 0.309488 0.486613 0.042922 0.030790
0 0.341303 0.490295 0.042922 0.033467
0 0.381118 0.495649 0.045369 0.033467
0 0.426299 0.494311 0.046875 0.030790
0 0.312782 0.382363 0.048758 0.043842
0 0.356269 0.365127 0.043110 0.033467
0 0.398249 0.349732 0.043863 0.045515
0 0.424793 0.323963 0.040098 0.042169
0 0.462914 0.322624 0.039157 0.051539
0 0.479386 0.287818 0.038968 0.042169
0 0.393355 0.434237 0.044239 0.040495
0 0.442677 0.434739 0.045369 0.041499
0 0.420651 0.454317 0.045369 0.037149
0 0.461220 0.479752 0.041039 0.037149
0 0.468091 0.391901 0.045369 0.039491
0 0.492752 0.368976 0.036333 0.050535
0 0.522967 0.357430 0.033133 0.050870
0 0.496611 0.462517 0.044051 0.030120
0 0.523155 0.437584 0.046687 0.042503
0 0.554405 0.426539 0.042922 0.043842
0 0.526732 0.504518 0.042169 0.042503
0 0.549511 0.526439 0.047440 0.042838
0 0.577748 0.554217 0.033886 0.042838
0 0.618976 0.534471 0.038404 0.038153
0 0.644578 0.550033 0.042922 0.043842
0 0.672816 0.551874 0.044804 0.042838
0 0.691077 0.553548 0.039533 0.052878
0 0.723833 0.549699 0.044051 0.051874
0 0.758566 0.605422 0.048758 0.046185
0 0.798475 0.619478 0.045369 0.050870
0 0.836126 0.645248 0.042733 0.054217
0 0.866623 0.644746 0.040098 0.048527
0 0.894578 0.676539 0.040286 0.047189
0 0.586502 0.462517 0.047252 0.046185
0 0.613799 0.448628 0.037086 0.048527
0 0.630271 0.450301 0.035015 0.049866
0 0.660203 0.471553 0.042922 0.046185
0 0.698419 0.477410 0.049322 0.037149
0 0.736163 0.479083 0.045369 0.040495
0 0.758189 0.475234 0.044239 0.036814
0 0.779556 0.477410 0.040286 0.034471
0 0.821819 0.481593 0.044239 0.033467
0 0.863328 0.495315 0.049322 0.038153
0 0.900038 0.504685 0.036898 0.033467
0 0.926958 0.524766 0.044051 0.034806
0 0.705666 0.449799 0.045369 0.020750
0 0.735505 0.431225 0.046687 0.032463
0 0.772873 0.401272 0.043486 0.050870
0 0.793298 0.383367 0.037651 0.045181
0 0.541133 0.362617 0.029179 0.045181
0 0.572195 0.333835 0.035580 0.040495
0 0.604010 0.322289 0.031815 0.049531
0 0.637801 0.297523 0.036898 0.046185
0 0.669992 0.289324 0.037651 0.043842
