0 0.085184 0.601238 0.039345 0.030455
0 0.096103 0.631861 0.036709 0.029451
0 0.122459 0.646921 0.044239 0.034806
0 0.115399 0.601573 0.040663 0.033133
0 0.139778 0.581827 0.041227 0.031794
0 0.148720 0.627175 0.041416 0.028112
0 0.186276 0.625669 0.043863 0.031794
0 0.166604 0.571620 0.041792 0.030790
0 0.202560 0.565596 0.039533 0.026104
0 0.164627 0.486613 0.040474 0.038822
0 0.174699 0.507195 0.034639 0.030455
0 0.194842 0.492135 0.035768 0.033802
0 0.220444 0.655288 0.040286 0.037483
0 0.257342 0.663153 0.046687 0.028447
0 0.282662 0.680221 0.041227 0.031124
0 0.310900 0.701473 0.044992 0.035475
0 0.303464 0.631359 0.041416 0.038487
0 0.240681 0.606760 0.042357 0.031459
0 0.155215 0.596720 0.037086 0.026774
0 0.343373 0.647088 0.038404 0.033802
0 0.384413 0.666332 0.038404 0.040830
0 0.425358 0.685576 0.034827 0.039826
0 0.461032 0.696118 0.041792 0.034137
0 0.255177 0.559070 0.035956 0.044511
0 0.211314 0.477410 0.035580 0.027778
0 0.230986 0.485274 0.031250 0.020750
0 0.249435 0.508367 0.041792 0.024766
0 0.242752 0.533300 0.043110 0.033133
0 0.276920 0.548360 0.032003 0.039826
0 0.303746 0.573461 0.041227 0.041834
0 0.320501 0.539491 0.039721 0.031459
0 0.294051 0.528949 0.035392 0.025100
0 0.330572 0.492135 0.036521 0.027108
0 0.352504 0.509538 0.038592 0.029116
0 0.315700 0.510877 0.039533 0.039157
0 0.278426 0.469712 0.041039 0.037818
0 0.331231 0.439926 0.041604 0.034471
0 0.372082 0.425201 0.038215 0.028447
0 0.360881 0.454317 0.033133 0.027108
0 0.393637 0.439759 0.034639 0.028112
0 0.383660 0.471720 0.032380 0.021084
0 0.373400 0.550870 0.035956 0.038153
0 0.342715 0.560074 0.039721 0.028447
0 0.357398 0.588521 0.035956 0.038487
0 0.386295 0.610107 0.038780 0.040161
0 0.426299 0.617805 0.040851 0.042838
0 0.462349 0.648427 0.040286 0.041834
0 0.500659 0.666834 0.035956 0.042503
0 0.533509 0.685743 0.037651 0.047523
0 0.567489 0.697791 0.040098 0.044846
0 0.396273 0.548862 0.032380 0.038153
0 0.420275 0.549364 0.037462 0.035810
0 0.438724 0.530455 0.034827 0.038822
0 0.459337 0.534806 0.034262 0.030120
0 0.484846 0.545850 0.036709 0.030790
0 0.515154 0.571787 0.040474 0.037818
0 0.553652 0.579150 0.039910 0.039157
0 0.594032 0.595214 0.040851 0.031124
0 0.630742 0.599230 0.038968 0.038487
0 0.659356 0.615295 0.040474 0.036479
0 0.404838 0.413989 0.036709 0.034137
0 0.458773 0.381359 0.038780 0.033133
0 0.432135 0.409806 0.036333 0.033133
0 0.421310 0.432062 0.030497 0.036814
0 0.445689 0.433400 0.035203 0.028782
0 0.406721 0.463688 0.032944 0.018407
0 0.473833 0.432564 0.033509 0.030455
0 0.509601 0.415830 0.038027 0.029116
0 0.544992 0.407296 0.036145 0.026104
0 0.582172 0.401272 0.040098 0.030120
0 0.601468 0.402443 0.034639 0.030455
0 0.626224 0.402108 0.038592 0.031124
0 0.541039 0.458333 0.038404 0.031124
0 0.498965 0.454819 0.036709 0.030790
0 0.520049 0.452811 0.031062 0.030120
0 0.484752 0.514056 0.038780 0.030120
0 0.500565 0.504518 0.035015 0.029116
0 0.522779 0.521252 0.033133 0.033133
0 0.539062 0.522590 0.035203 0.033802
1 0.604480 0.557062 0.042922 0.030455
0 0.581514 0.527108 0.036521 0.028782
0 0.559111 0.511044 0.032380 0.026774
0 0.571536 0.486278 0.039157 0.034806
0 0.594597 0.496821 0.034827 0.034471
0 0.644861 0.562584 0.036709 0.040161
0 0.685335 0.591031 0.039721 0.038822
0 0.618035 0.493307 0.039533 0.040830
0 0.622553 0.468876 0.037651 0.030120
0 0.657756 0.463353 0.036521 0.034471
0 0.651544 0.520750 0.039910 0.030120
0 0.683735 0.548862 0.040286 0.040830
0 0.719785 0.569277 0.040474 0.036814
0 0.717903 0.606928 0.034450 0.037149
0 0.749529 0.634538 0.036709 0.043507
0 0.743411 0.601573 0.037274 0.035810
0 0.778520 0.619645 0.035580 0.034471
0 0.781062 0.646084 0.039157 0.032463
0 0.709620 0.488621 0.042357 0.033467
0 0.733528 0.514224 0.035580 0.035810
0 0.761860 0.525100 0.039910 0.039491
0 0.799699 0.553213 0.040286 0.036145
0 0.832737 0.544009 0.037839 0.033133
0 0.859375 0.560743 0.037651 0.032463
0 0.684488 0.489458 0.038404 0.045850
0 0.636954 0.436245 0.039721 0.030455
0 0.663215 0.411981 0.039157 0.020750
0 0.677146 0.376841 0.038404 0.045515
0 0.706231 0.364625 0.034450 0.041165
0 0.747647 0.336011 0.034074 0.034806
0 0.779273 0.312751 0.035580 0.031794
0 0.797910 0.284973 0.038215 0.027778
0 0.831137 0.253347 0.033133 0.032798
0 0.848739 0.221553 0.035580 0.034137
0 0.756495 0.386546 0.033321 0.032798
0 0.784733 0.380522 0.031062 0.036814
1 0.841114 0.343708 0.038027 0.027443
0 0.871988 0.334170 0.038027 0.031794
0 0.906438 0.334337 0.041039 0.030120
0 0.934111 0.328313 0.035015 0.028782
0 0.965550 0.338521 0.038404 0.040495
0 0.960561 0.413487 0.037462 0.031124
0 0.806476 0.374163 0.035768 0.034137
0 0.830008 0.394076 0.037651 0.035810
0 0.865681 0.387550 0.040098 0.033467
1 0.928464 0.391064 0.039910 0.021084
0 0.900791 0.389558 0.039910 0.029451
