0 0.126883 0.452644 0.044804 0.037149
0 0.165192 0.440094 0.045369 0.038153
0 0.168016 0.469043 0.045745 0.039826
0 0.208208 0.480924 0.045557 0.034806
0 0.208584 0.440930 0.045181 0.032463
0 0.225809 0.478079 0.041980 0.038487
0 0.242658 0.463353 0.041792 0.030455
0 0.252918 0.498661 0.039345 0.032798
0 0.272026 0.483099 0.050828 0.032463
0 0.299511 0.509371 0.042545 0.032798
0 0.327560 0.523092 0.045557 0.032798
0 0.290004 0.410475 0.040474 0.032463
0 0.272590 0.451138 0.039157 0.044177
0 0.275038 0.433735 0.037651 0.024766
0 0.307982 0.437918 0.031627 0.034471
0 0.303276 0.468876 0.034639 0.039491
0 0.337067 0.482262 0.037839 0.036814
0 0.338008 0.444946 0.037839 0.036479
0 0.361822 0.523594 0.033886 0.047189
0 0.336126 0.418675 0.029556 0.019411
0 0.365023 0.438086 0.032003 0.034806
0 0.367752 0.469880 0.038592 0.037483
0 0.385730 0.435576 0.034639 0.043173
0 0.414721 0.402443 0.038404 0.034471
0 0.404650 0.501841 0.039721 0.036479
0 0.394484 0.542838 0.035203 0.049531
0 0.420934 0.576305 0.032003 0.063588
0 0.447948 0.612952 0.035956 0.055890
0 0.437218 0.544511 0.039721 0.040830
0 0.460938 0.590696 0.035956 0.043507
0 0.483245 0.626506 0.032380 0.052878
0 0.501883 0.682062 0.031627 0.066934
0 0.403897 0.423193 0.036333 0.029786
0 0.428840 0.443106 0.040286 0.029451
0 0.455196 0.474900 0.041039 0.040830
0 0.432229 0.413487 0.033509 0.029116
0 0.454349 0.400770 0.040098 0.033802
0 0.486446 0.410643 0.039533 0.044177
0 0.511389 0.412818 0.038968 0.033133
0 0.531909 0.425870 0.039721 0.033802
0 0.494352 0.489123 0.039910 0.047858
0 0.528238 0.523092 0.038404 0.038822
0 0.562688 0.555221 0.041039 0.050870
0 0.585184 0.573461 0.038215 0.047858
0 0.606645 0.584170 0.040851 0.042503
0 0.565889 0.420348 0.042545 0.030120
0 0.600056 0.412483 0.044239 0.041165
0 0.629142 0.438922 0.037274 0.049197
0 0.656250 0.438253 0.033133 0.043842
0 0.529932 0.361278 0.039533 0.025100
0 0.557794 0.351071 0.039910 0.032129
0 0.580666 0.346386 0.035580 0.030120
0 0.610128 0.357430 0.041039 0.028782
0 0.644861 0.360274 0.039345 0.023762
0 0.684770 0.357764 0.039345 0.024766
0 0.661992 0.396419 0.043110 0.035810
0 0.696348 0.454317 0.038027 0.042503
0 0.734940 0.471553 0.038027 0.037483
0 0.765813 0.482430 0.035392 0.045181
0 0.799040 0.517236 0.034827 0.049866
0 0.824642 0.532631 0.033321 0.050535
0 0.837726 0.582329 0.028614 0.062249
0 0.861069 0.609605 0.034639 0.063922
0 0.719974 0.412149 0.040098 0.025770
0 0.689571 0.415997 0.039910 0.030790
0 0.672440 0.432898 0.033133 0.035810
0 0.706890 0.377510 0.042922 0.033467
0 0.736258 0.386881 0.035768 0.034806
0 0.759036 0.402945 0.040663 0.030790
0 0.720915 0.355756 0.035956 0.024766
0 0.755177 0.351740 0.035956 0.034137
0 0.782756 0.362784 0.041416 0.026104
0 0.798852 0.380689 0.042733 0.032463
0 0.829537 0.408635 0.041604 0.036814
0 0.866811 0.393909 0.044239 0.038153
0 0.898626 0.425368 0.040474 0.042838
0 0.923663 0.440094 0.038215 0.040161
0 0.940700 0.464023 0.039533 0.046519
