0 0.092526 0.550870 0.058923 0.039491
0 0.143449 0.555221 0.052711 0.051539
0 0.129612 0.503347 0.058923 0.042169
0 0.183264 0.495147 0.057794 0.051205
0 0.172157 0.538989 0.045745 0.043842
0 0.203031 0.523929 0.058547 0.041165
0 0.217809 0.453648 0.054970 0.051874
0 0.255836 0.467537 0.057229 0.045515
0 0.281250 0.420348 0.056476 0.055556
0 0.256401 0.511212 0.059111 0.049866
0 0.307511 0.483601 0.049134 0.044846
0 0.336126 0.515897 0.051770 0.049866
0 0.354951 0.464023 0.051770 0.051205
0 0.375753 0.498327 0.048946 0.060910
0 0.392790 0.440930 0.044616 0.049866
0 0.426864 0.436412 0.042733 0.056225
0 0.453878 0.416834 0.038404 0.048527
0 0.418016 0.478079 0.046498 0.062584
0 0.450113 0.486111 0.042922 0.051205
0 0.471291 0.454485 0.047628 0.056894
0 0.508754 0.453481 0.048005 0.044846
0 0.548099 0.442604 0.045369 0.042503
0 0.588197 0.425201 0.050264 0.043173
0 0.616246 0.448795 0.054029 0.057564
0 0.657568 0.454652 0.053840 0.053882
0 0.629330 0.409137 0.040286 0.046519
0 0.664062 0.398929 0.047628 0.043507
0 0.690983 0.397256 0.039345 0.032129
0 0.691171 0.420348 0.051770 0.056894
0 0.723456 0.419511 0.039533 0.050535
1 0.181288 0.613454 0.054217 0.031459
0 0.202654 0.604418 0.052899 0.043507
0 0.236728 0.606426 0.046498 0.040830
0 0.291039 0.608768 0.053087 0.034806
0 0.325019 0.595549 0.048005 0.038487
0 0.342338 0.592871 0.052523 0.041165
0 0.382154 0.600402 0.058358 0.039491
0 0.423758 0.594545 0.053464 0.041834
0 0.486069 0.599732 0.057982 0.039491
0 0.525602 0.582831 0.052711 0.051205
0 0.559394 0.594210 0.059676 0.041165
0 0.454913 0.548025 0.052523 0.045850
0 0.487481 0.535810 0.049511 0.044177
0 0.509036 0.514391 0.054217 0.040830
0 0.540757 0.480422 0.055158 0.049866
0 0.584902 0.487784 0.053087 0.046519
0 0.598550 0.535475 0.051017 0.050870
0 0.635260 0.516566 0.047628 0.047189
0 0.650414 0.555388 0.051958 0.051874
0 0.692959 0.564424 0.055346 0.052544
0 0.731457 0.548527 0.065700 0.040830
0 0.765343 0.582497 0.063441 0.045181
0 0.747270 0.508534 0.066453 0.037818
0 0.795275 0.535141 0.064194 0.052878
0 0.835279 0.516399 0.054970 0.039491
0 0.837161 0.566432 0.056476 0.045850
0 0.878294 0.549197 0.061182 0.057564
0 0.885730 0.513052 0.053087 0.038153
0 0.923005 0.596218 0.050828 0.053213
0 0.939947 0.569946 0.059111 0.040161
