0 0.027767 0.466533 0.038215 0.034137
0 0.071913 0.466031 0.035392 0.027108
0 0.085843 0.506191 0.036898 0.052544
0 0.109846 0.542671 0.035203 0.045181
0 0.068712 0.436412 0.038404 0.025435
0 0.087349 0.449632 0.033886 0.029116
0 0.115870 0.441265 0.036709 0.023762
0 0.133471 0.465027 0.030120 0.017738
0 0.146178 0.567436 0.035580 0.036479
0 0.169239 0.583668 0.037274 0.045515
0 0.203596 0.595214 0.040851 0.039157
0 0.135636 0.510877 0.032568 0.031124
0 0.151826 0.516232 0.033321 0.033133
0 0.150979 0.448293 0.041416 0.028447
0 0.172722 0.456827 0.041604 0.024766
0 0.200207 0.472724 0.043110 0.029786
0 0.177334 0.527443 0.033886 0.037483
0 0.209808 0.534639 0.042357 0.047858
0 0.228069 0.534137 0.039345 0.039491
0 0.252071 0.566600 0.041416 0.038822
0 0.273626 0.613286 0.042733 0.048527
0 0.291322 0.649766 0.036709 0.053213
0 0.322195 0.694444 0.032568 0.071620
0 0.346291 0.761379 0.029179 0.068942
0 0.373588 0.805388 0.019390 0.071285
0 0.396555 0.856593 0.024285 0.081325
0 0.420369 0.881191 0.022590 0.073628
0 0.450207 0.924866 0.034450 0.076640
0 0.378483 0.648427 0.041604 0.037149
0 0.245482 0.495482 0.043298 0.029116
0 0.279273 0.517570 0.037462 0.029786
0 0.297910 0.544344 0.037462 0.032463
0 0.325113 0.575636 0.038404 0.033467
0 0.350904 0.610442 0.036521 0.036814
0 0.227504 0.442938 0.035580 0.040495
0 0.247929 0.448293 0.041416 0.028447
0 0.264966 0.470884 0.042733 0.033467
0 0.282474 0.425033 0.032944 0.050201
0 0.301581 0.436747 0.042545 0.036145
0 0.326619 0.424197 0.039533 0.032463
0 0.318712 0.351908 0.035392 0.041834
0 0.343562 0.337684 0.032756 0.046854
0 0.345538 0.395080 0.037462 0.042503
0 0.359375 0.380857 0.030873 0.054217
0 0.383848 0.382530 0.038027 0.035475
0 0.411709 0.437918 0.042169 0.036479
0 0.445783 0.452142 0.035768 0.028782
0 0.479480 0.474398 0.039157 0.029116
0 0.509789 0.497490 0.038780 0.031124
0 0.528614 0.532129 0.034262 0.044846
0 0.554782 0.549197 0.036145 0.043507
0 0.447477 0.422356 0.037651 0.033467
0 0.469315 0.413320 0.031627 0.034137
0 0.491811 0.431225 0.036333 0.037818
0 0.507530 0.411145 0.037651 0.030455
0 0.367658 0.328481 0.032756 0.043173
0 0.385072 0.342202 0.033321 0.041834
0 0.409450 0.345214 0.032380 0.037818
0 0.432511 0.334672 0.036709 0.037483
0 0.454819 0.291499 0.034639 0.039491
0 0.490305 0.282463 0.034074 0.039491
0 0.520331 0.261379 0.031627 0.030790
0 0.550075 0.261044 0.028238 0.038822
0 0.541322 0.334672 0.032568 0.039491
0 0.562594 0.328313 0.030685 0.038153
0 0.574266 0.252845 0.030309 0.037818
0 0.604010 0.244478 0.032944 0.035141
0 0.589420 0.322624 0.032380 0.036145
0 0.594785 0.351406 0.037086 0.038822
0 0.618505 0.351238 0.036333 0.035141
0 0.528238 0.416165 0.030497 0.023762
0 0.557323 0.413320 0.031062 0.030790
0 0.584337 0.420850 0.038027 0.033133
0 0.611728 0.410810 0.037086 0.029786
0 0.643449 0.436580 0.036521 0.033133
0 0.668298 0.439090 0.036898 0.037483
0 0.695595 0.447959 0.033133 0.034471
0 0.705761 0.413153 0.036521 0.035810
0 0.729386 0.406124 0.041227 0.035810
0 0.725056 0.449967 0.034827 0.029116
0 0.749906 0.436747 0.037086 0.036814
0 0.774473 0.439090 0.036145 0.034806
0 0.814665 0.455154 0.041980 0.038153
0 0.843279 0.476071 0.031815 0.033133
0 0.876318 0.487282 0.038404 0.046854
0 0.898908 0.519076 0.030120 0.043507
0 0.925075 0.520917 0.038404 0.045181
0 0.944842 0.438086 0.035768 0.043507
0 0.916698 0.425368 0.034827 0.041499
0 0.635825 0.329987 0.038968 0.042169
0 0.645425 0.288153 0.036709 0.036145
0 0.676581 0.275268 0.031627 0.039826
0 0.704443 0.251004 0.032003 0.035475
0 0.735975 0.238788 0.032568 0.038487
0 0.753483 0.228246 0.029179 0.038822
0 0.779462 0.221720 0.030685 0.037818
0 0.659074 0.344712 0.034639 0.037483
0 0.677805 0.348896 0.030309 0.033133
0 0.706325 0.341198 0.033133 0.035141
0 0.734281 0.351740 0.032191 0.035475
0 0.758283 0.340027 0.032756 0.034806
0 0.782568 0.350234 0.037651 0.035810
0 0.798475 0.367135 0.037462 0.038153
0 0.839608 0.367637 0.040663 0.032463
0 0.861446 0.381526 0.034639 0.032129
0 0.893261 0.393574 0.032380 0.026774
