0 0.047910 0.469545 0.046875 0.025435
0 0.070312 0.481593 0.042733 0.031459
0 0.099303 0.490964 0.040851 0.030120
0 0.113893 0.434070 0.037651 0.040161
0 0.133471 0.437082 0.041416 0.039491
0 0.130459 0.490629 0.035392 0.032129
0 0.136766 0.525100 0.047252 0.034137
0 0.172722 0.544344 0.051393 0.035810
0 0.232210 0.592537 0.047628 0.037818
0 0.210749 0.575134 0.033697 0.028447
0 0.166039 0.501004 0.038780 0.044177
0 0.253577 0.631191 0.041792 0.036814
0 0.277203 0.649766 0.044616 0.047189
0 0.195030 0.520080 0.037651 0.063588
0 0.178276 0.472557 0.035015 0.030120
0 0.192489 0.467537 0.043486 0.022758
0 0.211691 0.480589 0.041980 0.026774
0 0.219785 0.506693 0.041227 0.038153
0 0.230516 0.537818 0.039721 0.044177
0 0.093373 0.455823 0.041792 0.034806
0 0.254330 0.517738 0.032756 0.028782
0 0.261107 0.545683 0.036145 0.045181
0 0.288121 0.550201 0.041227 0.040161
0 0.287368 0.593206 0.043486 0.048527
0 0.323513 0.592202 0.045745 0.046519
0 0.339985 0.631359 0.041039 0.048527
0 0.370670 0.630355 0.038780 0.053213
0 0.401920 0.661814 0.035768 0.051874
0 0.427993 0.671185 0.036333 0.051205
0 0.327466 0.554217 0.046122 0.033467
0 0.366529 0.584337 0.045557 0.040161
0 0.407285 0.594210 0.044992 0.041165
0 0.431099 0.630355 0.040286 0.047858
0 0.463102 0.656961 0.037651 0.060241
0 0.490964 0.681225 0.042545 0.049866
0 0.505365 0.653112 0.042357 0.050535
0 0.538592 0.674531 0.041039 0.047189
0 0.564759 0.663487 0.041792 0.027778
0 0.582455 0.697624 0.042545 0.048527
0 0.468468 0.611948 0.044616 0.038487
0 0.445312 0.577811 0.042733 0.031124
0 0.408227 0.550535 0.040851 0.036814
0 0.264401 0.461680 0.046498 0.029786
0 0.275226 0.481928 0.040663 0.037483
0 0.306570 0.475904 0.039721 0.032798
0 0.337726 0.490295 0.043298 0.027443
0 0.356739 0.508869 0.036898 0.028447
0 0.376130 0.515395 0.044051 0.033467
0 0.386860 0.502343 0.041792 0.028112
0 0.404556 0.502677 0.039533 0.036814
0 0.430158 0.507028 0.037651 0.033467
0 0.457361 0.516734 0.041604 0.041499
0 0.478539 0.509538 0.038404 0.037149
0 0.509977 0.520750 0.039910 0.032129
0 0.497176 0.552209 0.038027 0.046854
0 0.524191 0.565763 0.031438 0.051205
0 0.554970 0.581827 0.038404 0.046519
0 0.488328 0.436747 0.041039 0.028112
0 0.510072 0.443273 0.045369 0.025770
0 0.539251 0.458501 0.043863 0.030790
0 0.554782 0.532296 0.038780 0.055221
0 0.574548 0.548862 0.023720 0.059572
0 0.593185 0.553882 0.033509 0.046185
0 0.551770 0.487282 0.039533 0.038822
0 0.585749 0.501673 0.043863 0.041499
0 0.605892 0.496151 0.040474 0.041834
0 0.631589 0.480254 0.043298 0.031459
0 0.621800 0.542671 0.038404 0.049866
0 0.600151 0.609270 0.041039 0.043842
0 0.630271 0.628012 0.039910 0.048527
0 0.657003 0.657798 0.039533 0.051874
0 0.687877 0.669009 0.037651 0.048193
0 0.633566 0.571620 0.044239 0.035475
0 0.646649 0.606426 0.040286 0.040830
0 0.675828 0.606258 0.038780 0.045850
0 0.716962 0.604250 0.044992 0.047189
0 0.738611 0.637383 0.044616 0.047858
0 0.773343 0.653280 0.035768 0.055556
0 0.799511 0.682229 0.041039 0.051874
0 0.817018 0.685576 0.034639 0.050535
0 0.660580 0.507530 0.042922 0.039826
0 0.702654 0.506693 0.042733 0.028782
0 0.733622 0.522423 0.040663 0.031459
0 0.766002 0.537818 0.038027 0.033467
0 0.780873 0.566265 0.042169 0.034137
0 0.693148 0.461345 0.040286 0.040495
0 0.719221 0.450469 0.035580 0.036145
0 0.741717 0.448795 0.033133 0.040830
0 0.752259 0.499331 0.043298 0.032798
0 0.777767 0.500000 0.034450 0.038153
0 0.800828 0.492637 0.036898 0.034806
0 0.816453 0.467871 0.036521 0.032798
0 0.845444 0.492303 0.039157 0.032798
0 0.874435 0.478414 0.037274 0.040495
0 0.910015 0.489625 0.040663 0.026104
0 0.924887 0.479752 0.035392 0.040495
0 0.785674 0.387216 0.041227 0.038153
0 0.801393 0.360944 0.035768 0.030455
0 0.823136 0.361780 0.031438 0.034806
0 0.842997 0.378681 0.037274 0.040495
0 0.860222 0.342202 0.039721 0.037149
0 0.899191 0.336011 0.035956 0.039491
0 0.920181 0.313253 0.038780 0.032129
0 0.943524 0.295515 0.035015 0.029451
0 0.942771 0.274431 0.035768 0.031459
