0 0.074548 0.540830 0.036521 0.076305
0 0.105892 0.490462 0.042733 0.071954
0 0.149285 0.455656 0.045181 0.067269
0 0.134413 0.530622 0.050075 0.035810
0 0.157850 0.500669 0.045745 0.044177
0 0.186276 0.497992 0.049887 0.044846
0 0.203313 0.413655 0.050075 0.060910
0 0.249718 0.409973 0.046875 0.051539
0 0.310617 0.537985 0.052711 0.048527
0 0.268825 0.455154 0.046310 0.044177
0 0.238611 0.450636 0.039345 0.045181
0 0.224398 0.471051 0.049322 0.039826
0 0.311465 0.500335 0.052146 0.033467
0 0.364552 0.535810 0.055911 0.042169
0 0.420087 0.564759 0.051770 0.045181
0 0.461879 0.583501 0.053652 0.045181
0 0.500471 0.614793 0.058170 0.052209
0 0.468279 0.532296 0.048758 0.057229
0 0.273532 0.350904 0.048193 0.056560
0 0.324266 0.335174 0.050640 0.043842
0 0.353822 0.305556 0.043863 0.048193
0 0.393072 0.303213 0.048193 0.044846
0 0.396273 0.433066 0.044428 0.043507
0 0.361163 0.440930 0.049134 0.041834
0 0.347609 0.487617 0.053276 0.034806
0 0.397496 0.482430 0.048758 0.033802
0 0.429782 0.465529 0.052334 0.035475
0 0.453313 0.433400 0.053087 0.038153
0 0.489834 0.403112 0.053087 0.039826
0 0.520331 0.377175 0.051958 0.039491
0 0.538592 0.334170 0.047816 0.051874
0 0.571442 0.332664 0.046875 0.042838
0 0.517413 0.528949 0.053276 0.047858
0 0.551581 0.576807 0.049322 0.053213
0 0.591114 0.569612 0.049699 0.052209
1 0.632624 0.587182 0.051017 0.045850
0 0.672628 0.597892 0.051958 0.049866
0 0.591114 0.409471 0.051205 0.039826
0 0.618505 0.403280 0.044616 0.040161
0 0.645614 0.406292 0.052523 0.041499
0 0.626600 0.472724 0.049887 0.038487
0 0.650885 0.462182 0.047628 0.030790
0 0.691265 0.453313 0.045557 0.036479
0 0.694277 0.413320 0.049322 0.044846
0 0.735128 0.392570 0.045181 0.037483
0 0.780120 0.393240 0.052711 0.044177
0 0.813347 0.397590 0.051393 0.029451
0 0.857492 0.409137 0.045181 0.040495
0 0.885072 0.424197 0.049887 0.041834
0 0.726562 0.501506 0.051393 0.045850
0 0.765248 0.506861 0.056099 0.047189
0 0.815889 0.537149 0.047440 0.046185
0 0.851939 0.543507 0.052899 0.047523
0 0.884130 0.573795 0.053276 0.043173
