0 0.406124 0.079725 0.035141 0.041227
0 0.423695 0.103539 0.025435 0.038404
0 0.404953 0.125000 0.032798 0.044804
0 0.389726 0.157097 0.032463 0.036333
0 0.393407 0.182605 0.027108 0.032756
0 0.397758 0.204349 0.040495 0.038592
0 0.403614 0.238422 0.030120 0.038592
0 0.427209 0.228633 0.031124 0.032191
0 0.429552 0.257530 0.029786 0.033509
0 0.372657 0.264872 0.039826 0.042169
0 0.404451 0.275132 0.031794 0.034074
0 0.369478 0.303934 0.041499 0.041227
0 0.398427 0.307041 0.035810 0.039533
0 0.344378 0.333020 0.032798 0.039533
0 0.401606 0.340361 0.040830 0.039910
0 0.386546 0.370953 0.040830 0.036333
0 0.330656 0.382812 0.029451 0.036709
0 0.382865 0.399002 0.041499 0.034074
0 0.372155 0.425828 0.037483 0.035015
0 0.376506 0.452843 0.038153 0.031815
0 0.358601 0.479386 0.034471 0.038968
1 0.352744 0.363705 0.038153 0.039910
0 0.510040 0.417263 0.036145 0.029179
0 0.491299 0.424793 0.036145 0.032191
0 0.513220 0.442395 0.035141 0.030873
0 0.545683 0.449925 0.040495 0.029744
0 0.455154 0.439853 0.030120 0.033697
0 0.448963 0.451337 0.024431 0.026920
0 0.461847 0.467903 0.028112 0.033321
0 0.538822 0.463479 0.036814 0.023343
0 0.547523 0.479480 0.035475 0.029744
0 0.543340 0.499623 0.034471 0.035015
0 0.515228 0.514778 0.023762 0.030685
0 0.571118 0.522496 0.035141 0.032191
0 0.545515 0.521931 0.024766 0.025414
0 0.547691 0.538874 0.029116 0.022779
0 0.578313 0.549793 0.044177 0.032191
0 0.551372 0.558923 0.035810 0.032756
0 0.594712 0.571913 0.041499 0.027485
0 0.596051 0.592056 0.035475 0.029744
0 0.598561 0.608151 0.029786 0.028426
0 0.541165 0.579255 0.036814 0.033133
0 0.541834 0.600809 0.032798 0.032191
0 0.574967 0.625471 0.044177 0.029179
0 0.586178 0.653144 0.035141 0.029179
0 0.603916 0.675546 0.035141 0.030309
0 0.592369 0.697195 0.029451 0.034074
0 0.617303 0.717432 0.032463 0.034639
0 0.443942 0.500471 0.034471 0.033697
0 0.460509 0.519484 0.030790 0.038215
0 0.428213 0.540757 0.029116 0.037086
0 0.427376 0.572666 0.032798 0.034639
0 0.413153 0.597892 0.034471 0.032756
0 0.407798 0.623023 0.037818 0.032191
0 0.402108 0.645049 0.031794 0.030685
0 0.404786 0.676111 0.029786 0.036709
0 0.528280 0.634601 0.037149 0.029744
0 0.508701 0.648720 0.032129 0.037274
0 0.531627 0.662274 0.033802 0.035768
0 0.554050 0.683923 0.035810 0.035392
0 0.550033 0.714138 0.038487 0.035203
0 0.574465 0.734093 0.034471 0.033697
0 0.577644 0.760730 0.044846 0.034262
0 0.602912 0.779744 0.037149 0.028614
0 0.609940 0.802334 0.033802 0.028238
0 0.464692 0.653520 0.037149 0.031815
0 0.447959 0.677711 0.029786 0.035392
0 0.448795 0.700301 0.031459 0.036145
0 0.441934 0.725151 0.029786 0.036145
0 0.436412 0.754989 0.031459 0.035956
0 0.434739 0.780403 0.034806 0.033697
0 0.424531 0.808547 0.030455 0.030873
0 0.415495 0.840361 0.038487 0.036145
0 0.413487 0.868505 0.035141 0.035580
0 0.414491 0.898908 0.041834 0.032380
0 0.406124 0.927428 0.039157 0.031815
0 0.389391 0.956419 0.043173 0.027297
0 0.384203 0.980704 0.034137 0.031062
0 0.508032 0.764778 0.036145 0.029179
0 0.510375 0.785674 0.035475 0.030685
0 0.502008 0.807982 0.030790 0.033509
0 0.479250 0.806288 0.034137 0.037274
0 0.481426 0.827372 0.037149 0.036521
0 0.452309 0.831796 0.035141 0.032944
0 0.446118 0.870576 0.030120 0.037086
0 0.505689 0.854292 0.036145 0.035015
0 0.500669 0.882248 0.036814 0.038592
0 0.507865 0.905215 0.038487 0.035203
0 0.495482 0.923381 0.027778 0.030873
0 0.515562 0.942395 0.037818 0.031250
