0 0.078219 0.475736 0.036709 0.037818
1 0.092338 0.449967 0.033697 0.019076
0 0.112199 0.456827 0.032756 0.022758
0 0.128294 0.466867 0.031815 0.024766
0 0.185994 0.485107 0.029744 0.039157
0 0.210373 0.507363 0.037462 0.032798
0 0.243411 0.540663 0.030497 0.038487
0 0.263837 0.528280 0.035580 0.028447
0 0.156438 0.454987 0.027861 0.045181
0 0.134130 0.437584 0.032944 0.027778
0 0.155309 0.422691 0.033133 0.020750
0 0.173852 0.426037 0.035203 0.025435
0 0.175452 0.450803 0.036898 0.034137
0 0.284168 0.560408 0.037086 0.036479
0 0.304970 0.566767 0.036898 0.044511
0 0.139590 0.483936 0.035956 0.026104
0 0.211314 0.455991 0.033697 0.029116
0 0.237293 0.459839 0.033321 0.028782
0 0.290474 0.483099 0.035392 0.037149
0 0.272967 0.492637 0.034639 0.040161
0 0.259224 0.468541 0.041792 0.028112
0 0.241529 0.413320 0.038780 0.024096
0 0.201525 0.374665 0.031062 0.025100
0 0.224021 0.381191 0.033886 0.020750
0 0.235410 0.397088 0.034450 0.022423
0 0.251694 0.433568 0.034262 0.027778
0 0.274096 0.431225 0.035768 0.028447
0 0.298946 0.425703 0.026732 0.038153
0 0.319277 0.433233 0.032756 0.035810
0 0.292075 0.418507 0.027673 0.037818
0 0.310523 0.509873 0.031438 0.038487
0 0.332172 0.534639 0.032191 0.034471
0 0.360881 0.555890 0.029367 0.038822
0 0.391096 0.581995 0.030685 0.042838
0 0.417639 0.607262 0.026167 0.041834
0 0.444842 0.633869 0.028238 0.047523
0 0.302523 0.453648 0.032380 0.027108
0 0.326337 0.472557 0.032568 0.025435
0 0.358245 0.509705 0.032380 0.032129
0 0.389213 0.544177 0.032944 0.032798
0 0.419334 0.580321 0.035203 0.034137
0 0.449172 0.606091 0.033886 0.030790
0 0.476939 0.643407 0.029932 0.037149
0 0.327654 0.397423 0.031438 0.035141
0 0.344880 0.384036 0.033509 0.029786
0 0.360693 0.404618 0.034262 0.026774
0 0.394108 0.400435 0.031815 0.029786
0 0.375282 0.436412 0.035580 0.028112
1 0.339232 0.436747 0.027861 0.036814
0 0.366905 0.459672 0.025979 0.028447
0 0.387331 0.493474 0.025791 0.041834
0 0.403426 0.512885 0.026732 0.042503
0 0.417075 0.518742 0.029932 0.041499
0 0.386860 0.454150 0.028238 0.033467
0 0.407850 0.476573 0.031438 0.042169
0 0.428464 0.485609 0.022590 0.049531
0 0.427617 0.423527 0.031438 0.025100
0 0.437877 0.437416 0.029744 0.022088
0 0.448889 0.458333 0.032944 0.025770
0 0.450019 0.486278 0.030685 0.024766
0 0.478727 0.496486 0.030873 0.037818
0 0.505083 0.520415 0.036521 0.028782
0 0.531156 0.546687 0.033697 0.037818
0 0.557605 0.575469 0.034639 0.039826
0 0.470162 0.513052 0.033697 0.030790
0 0.486163 0.550033 0.032944 0.044511
0 0.447948 0.536647 0.031062 0.041165
0 0.469880 0.569612 0.028614 0.048862
0 0.503577 0.608601 0.032756 0.044511
0 0.529179 0.639391 0.022967 0.053213
0 0.554593 0.661479 0.029367 0.043842
0 0.574925 0.691265 0.031627 0.047858
0 0.514307 0.560241 0.033509 0.039491
0 0.536709 0.594545 0.033133 0.037818
0 0.562218 0.628849 0.034450 0.042169
0 0.583773 0.662818 0.027485 0.043173
0 0.606834 0.685241 0.032191 0.041834
0 0.582925 0.594712 0.032191 0.033467
0 0.604386 0.620817 0.032191 0.034137
0 0.477504 0.429217 0.029932 0.029786
0 0.453031 0.430388 0.027297 0.027443
0 0.481269 0.448293 0.025414 0.030455
0 0.500659 0.448795 0.032191 0.036814
0 0.518449 0.439257 0.030120 0.025100
0 0.539816 0.456827 0.032944 0.027443
0 0.694559 0.625837 0.030309 0.044846
0 0.665851 0.599230 0.033133 0.047189
0 0.648155 0.577979 0.033886 0.046185
0 0.614270 0.549364 0.035768 0.041834
0 0.582361 0.522590 0.032191 0.039157
0 0.556099 0.494478 0.030120 0.043173
0 0.548005 0.405622 0.033509 0.028112
0 0.562029 0.403447 0.038592 0.032463
0 0.585467 0.415495 0.033886 0.023762
0 0.601092 0.424531 0.033886 0.027778
0 0.617470 0.437249 0.034639 0.025100
0 0.656344 0.483936 0.033697 0.030790
0 0.645143 0.441600 0.030497 0.036479
0 0.661992 0.421519 0.043863 0.024431
0 0.668675 0.448126 0.033509 0.026104
0 0.690418 0.458166 0.032191 0.025435
0 0.677334 0.477410 0.031627 0.026439
0 0.698513 0.480589 0.035580 0.027443
0 0.723268 0.464525 0.038780 0.033467
0 0.694936 0.432898 0.035956 0.025100
0 0.728257 0.430556 0.036709 0.031124
0 0.701807 0.513554 0.036898 0.024431
0 0.719974 0.542838 0.028050 0.034806
0 0.738517 0.538822 0.031627 0.031459
0 0.753294 0.561412 0.028803 0.041834
0 0.770614 0.536814 0.035203 0.022088
0 0.781532 0.554384 0.036709 0.027778
0 0.806382 0.572122 0.034074 0.024431
0 0.786145 0.596051 0.036898 0.040161
0 0.833490 0.600067 0.038592 0.031459
0 0.816171 0.619478 0.038592 0.040830
0 0.843844 0.648594 0.032191 0.040161
0 0.872459 0.667169 0.035203 0.041834
0 0.894578 0.695281 0.035015 0.041834
0 0.860034 0.625669 0.033321 0.030455
0 0.887895 0.648929 0.039721 0.029451
0 0.916227 0.678882 0.036521 0.038487
0 0.938535 0.708333 0.040098 0.027778
0 0.951807 0.736111 0.038404 0.041165
0 0.750471 0.448795 0.035203 0.024766
0 0.766943 0.465027 0.040663 0.023762
0 0.782380 0.459672 0.037274 0.025100
0 0.782944 0.433735 0.038404 0.026104
0 0.810053 0.430556 0.036898 0.028447
0 0.844409 0.417503 0.036709 0.029786
0 0.868411 0.410475 0.034262 0.027108
1 0.894861 0.396921 0.035956 0.024096
0 0.741999 0.473059 0.032944 0.026439
