0 0.052993 0.397758 0.051017 0.044511
0 0.095068 0.414659 0.054593 0.034137
0 0.115305 0.399264 0.051017 0.034806
0 0.149661 0.414324 0.051581 0.041499
0 0.215361 0.457831 0.055346 0.036145
0 0.143637 0.461680 0.056476 0.037149
0 0.167733 0.488788 0.045557 0.035141
0 0.200395 0.507865 0.046122 0.047189
0 0.222233 0.521921 0.046122 0.047858
0 0.253765 0.531627 0.039910 0.045850
0 0.264119 0.496821 0.052334 0.043173
0 0.307888 0.518407 0.050640 0.039491
0 0.307888 0.500669 0.047628 0.044846
0 0.344503 0.558066 0.057605 0.041165
0 0.380177 0.549029 0.051393 0.054552
0 0.385919 0.587015 0.048569 0.042838
0 0.417639 0.616801 0.051017 0.043507
0 0.335749 0.492470 0.051770 0.057229
0 0.377730 0.498996 0.049511 0.042838
0 0.408227 0.507195 0.049134 0.041834
0 0.428558 0.556225 0.049887 0.062249
0 0.464703 0.593206 0.046122 0.049866
0 0.503106 0.597892 0.047628 0.055221
0 0.535392 0.632697 0.041416 0.048527
0 0.563630 0.625000 0.052711 0.051874
0 0.447948 0.509538 0.052523 0.042503
0 0.472986 0.500335 0.051017 0.044177
0 0.507530 0.542671 0.051205 0.041834
0 0.552805 0.549364 0.045745 0.051205
0 0.589891 0.565094 0.046875 0.048527
0 0.635260 0.563420 0.052146 0.055890
0 0.669992 0.588688 0.053464 0.058902
0 0.497741 0.444612 0.052334 0.029786
0 0.539251 0.444946 0.045369 0.029116
0 0.556570 0.449465 0.044616 0.032798
0 0.596668 0.443273 0.049511 0.041165
0 0.640625 0.439759 0.053840 0.033467
0 0.675358 0.422021 0.047252 0.030120
0 0.716397 0.425535 0.048381 0.041165
0 0.753953 0.413320 0.042922 0.035475
0 0.782191 0.414324 0.041039 0.041499
0 0.616152 0.509538 0.056476 0.041165
0 0.646273 0.514893 0.035015 0.043842
0 0.675452 0.508199 0.051958 0.042503
0 0.714044 0.518072 0.053087 0.048193
0 0.757624 0.527610 0.050264 0.037818
0 0.810241 0.518407 0.054970 0.034137
0 0.848362 0.526104 0.048758 0.034806
0 0.877824 0.501004 0.053464 0.046854
0 0.905591 0.525937 0.050264 0.037149
0 0.713761 0.466700 0.046498 0.051205
0 0.749341 0.445281 0.044616 0.046519
0 0.770237 0.479418 0.048005 0.049197
0 0.810806 0.476406 0.039157 0.049866
0 0.854104 0.460341 0.041792 0.034471
0 0.886672 0.466533 0.038027 0.038153
0 0.934959 0.465529 0.046122 0.034806
0 0.957737 0.485274 0.048005 0.040161
