0 0.037274 0.507028 0.054217 0.060910
0 0.083584 0.520750 0.051581 0.062249
0 0.119258 0.575301 0.050640 0.070281
0 0.165945 0.571787 0.059676 0.047858
0 0.189383 0.608601 0.051205 0.053213
0 0.231645 0.622323 0.048758 0.055890
0 0.077466 0.480087 0.043486 0.041834
0 0.101374 0.455656 0.057417 0.043173
0 0.121894 0.486278 0.058923 0.045515
0 0.228163 0.567102 0.051205 0.053213
0 0.149473 0.523427 0.044804 0.036145
0 0.173852 0.540997 0.058547 0.043842
0 0.269014 0.589190 0.054970 0.053882
0 0.309300 0.606928 0.043298 0.055221
0 0.322760 0.617637 0.049511 0.052544
0 0.351186 0.621319 0.048758 0.053882
0 0.224021 0.486111 0.046687 0.041834
0 0.252541 0.495984 0.040098 0.049531
0 0.281250 0.477912 0.046310 0.048193
0 0.293016 0.511379 0.043863 0.054886
0 0.320783 0.498996 0.044428 0.064257
0 0.357210 0.492972 0.041980 0.042169
0 0.372459 0.523929 0.051017 0.050535
0 0.402014 0.571954 0.051393 0.062249
0 0.446066 0.580321 0.046498 0.063588
0 0.475809 0.631191 0.045369 0.065596
0 0.517884 0.652276 0.045557 0.066934
0 0.548287 0.665663 0.042733 0.058233
0 0.578313 0.657798 0.048193 0.058568
0 0.393543 0.472390 0.046875 0.043173
0 0.413404 0.483601 0.055723 0.036814
0 0.443618 0.474230 0.048381 0.037483
0 0.477316 0.533969 0.047628 0.051874
0 0.512895 0.526272 0.052523 0.044511
0 0.531909 0.547356 0.050640 0.041834
0 0.558829 0.602744 0.051393 0.058233
0 0.604198 0.593206 0.046875 0.047189
0 0.639401 0.622490 0.046875 0.058233
0 0.680252 0.632697 0.053652 0.048527
0 0.702278 0.679552 0.048005 0.058568
0 0.729763 0.685074 0.049887 0.060241
0 0.133471 0.392236 0.046310 0.030790
0 0.156156 0.410977 0.055911 0.042838
0 0.167357 0.390562 0.028238 0.036145
0 0.201525 0.392403 0.047628 0.044511
0 0.232492 0.374833 0.040286 0.032798
0 0.192112 0.386044 0.031438 0.029116
0 0.268825 0.375502 0.045181 0.042169
0 0.294804 0.363956 0.051205 0.044511
0 0.328502 0.380689 0.048193 0.035141
0 0.372176 0.384873 0.047816 0.036814
0 0.415192 0.386546 0.057417 0.033467
0 0.439477 0.395582 0.045369 0.046185
0 0.469691 0.387550 0.052711 0.045515
0 0.490964 0.397256 0.044804 0.032798
0 0.506683 0.447456 0.054029 0.052209
0 0.533697 0.454317 0.043298 0.043842
0 0.555158 0.451807 0.039910 0.048862
0 0.578125 0.479250 0.041416 0.033467
0 0.599303 0.497657 0.050264 0.027443
0 0.618694 0.519076 0.050264 0.030790
0 0.636483 0.565094 0.054970 0.055890
0 0.678934 0.553548 0.055911 0.044846
0 0.707925 0.592537 0.055158 0.053882
0 0.759977 0.631526 0.053087 0.058233
0 0.783227 0.617135 0.047252 0.054886
0 0.627636 0.469043 0.063253 0.035141
0 0.663874 0.457497 0.052523 0.036814
0 0.682511 0.437082 0.052146 0.032798
0 0.734375 0.475067 0.054593 0.043173
0 0.780403 0.471553 0.046875 0.041499
0 0.826619 0.478748 0.053087 0.042503
0 0.857963 0.479752 0.041604 0.032463
0 0.891849 0.482597 0.054782 0.036814
0 0.904367 0.471888 0.048193 0.038822
0 0.732492 0.381526 0.052711 0.034137
0 0.759224 0.396586 0.049322 0.044846
0 0.809111 0.364458 0.051958 0.041499
0 0.845633 0.357932 0.041792 0.043842
0 0.892037 0.347557 0.050264 0.043842
0 0.913780 0.340863 0.038404 0.047858
0 0.952184 0.336345 0.053087 0.054217
