0 0.466867 0.058829 0.032129 0.036709
0 0.483936 0.086314 0.028782 0.032944
0 0.465529 0.102504 0.036145 0.040474
0 0.407129 0.109940 0.041165 0.038780
0 0.401606 0.139495 0.046854 0.038780
0 0.391399 0.177523 0.044511 0.038027
0 0.367135 0.208396 0.037483 0.037274
0 0.355756 0.244070 0.041499 0.037086
0 0.336513 0.265154 0.037818 0.035956
0 0.328983 0.297440 0.036814 0.037274
0 0.483768 0.224586 0.032463 0.039157
0 0.466533 0.250941 0.033467 0.037274
0 0.488788 0.276732 0.029116 0.036145
0 0.475234 0.304123 0.031459 0.037462
0 0.447456 0.325772 0.038153 0.040098
0 0.442938 0.357587 0.034471 0.033697
0 0.415328 0.386860 0.042169 0.036521
0 0.458501 0.378200 0.035475 0.031250
0 0.474398 0.366905 0.025100 0.029367
0 0.465529 0.392978 0.035475 0.032191
0 0.419679 0.417922 0.033467 0.037274
0 0.395582 0.441359 0.036145 0.038592
0 0.460843 0.415945 0.032798 0.030309
0 0.484438 0.429405 0.029116 0.037651
0 0.453313 0.450301 0.031794 0.038404
0 0.449799 0.485034 0.035475 0.036709
0 0.442102 0.516096 0.034137 0.040098
0 0.482262 0.485599 0.031459 0.033697
0 0.495147 0.501977 0.030455 0.033697
0 0.513052 0.517413 0.038822 0.031438
0 0.533802 0.471856 0.034137 0.031438
0 0.537483 0.494917 0.034137 0.033509
0 0.561245 0.523155 0.039491 0.032756
0 0.577811 0.557323 0.035810 0.031815
0 0.589525 0.588573 0.035141 0.029932
0 0.604418 0.620388 0.034137 0.035203
1 0.613119 0.648343 0.028782 0.033133
0 0.483936 0.537274 0.038822 0.033133
0 0.476238 0.553276 0.030120 0.032756
0 0.445448 0.547157 0.031459 0.033321
0 0.448795 0.577748 0.030120 0.039157
0 0.483099 0.581608 0.038487 0.033697
0 0.478246 0.611728 0.030790 0.033697
0 0.533133 0.616717 0.041499 0.029744
0 0.513554 0.631965 0.032463 0.034262
0 0.535141 0.651167 0.034806 0.035392
0 0.551037 0.679970 0.039157 0.032380
0 0.479752 0.641284 0.029786 0.036333
0 0.480589 0.666604 0.022758 0.032003
0 0.485107 0.691547 0.029786 0.037839
0 0.526272 0.705478 0.033133 0.035580
0 0.549197 0.721386 0.034806 0.036521
0 0.512048 0.728916 0.033467 0.038027
0 0.569110 0.747929 0.039826 0.034639
0 0.585341 0.781438 0.040161 0.029367
0 0.597892 0.816265 0.037818 0.033133
0 0.546687 0.763366 0.033133 0.037651
0 0.562082 0.803558 0.035810 0.037839
0 0.582497 0.838761 0.031794 0.035580
0 0.597724 0.870388 0.035475 0.035580
0 0.610944 0.887989 0.029786 0.030120
1 0.479585 0.787368 0.028112 0.040098
0 0.478748 0.813818 0.024431 0.031250
0 0.473394 0.851092 0.031794 0.041416
0 0.474732 0.879047 0.030455 0.032191
0 0.459505 0.918863 0.030120 0.036145
0 0.454987 0.946819 0.029786 0.035580
0 0.462684 0.967903 0.034471 0.028803
