0 0.043016 0.489960 0.040851 0.031459
0 0.067959 0.508869 0.041039 0.037818
0 0.088761 0.499163 0.047252 0.029786
0 0.123306 0.524431 0.046687 0.037483
0 0.164251 0.549866 0.044616 0.036814
0 0.200678 0.583835 0.047063 0.039157
0 0.238046 0.619980 0.044239 0.041165
1 0.263554 0.667001 0.043675 0.056225
1 0.180441 0.486111 0.043486 0.027108
0 0.209996 0.519076 0.046122 0.042838
0 0.255365 0.562082 0.048381 0.045850
0 0.171593 0.505522 0.040851 0.040495
0 0.106834 0.478916 0.041980 0.027443
0 0.136295 0.462015 0.042169 0.026439
0 0.173946 0.449297 0.044428 0.020415
0 0.229480 0.439257 0.050452 0.023092
0 0.260542 0.487282 0.040663 0.039491
0 0.233151 0.479752 0.035580 0.040495
0 0.221386 0.485776 0.036145 0.045181
0 0.201242 0.400435 0.041039 0.031124
0 0.242658 0.400435 0.039533 0.031124
0 0.265531 0.411479 0.042357 0.027108
0 0.291886 0.435576 0.049134 0.029786
0 0.303746 0.570950 0.048381 0.042838
0 0.342432 0.599230 0.045557 0.041165
0 0.387048 0.632865 0.047063 0.046854
0 0.411803 0.659806 0.041980 0.043842
0 0.439006 0.682062 0.042545 0.049531
1 0.304970 0.502343 0.047063 0.035475
0 0.339232 0.516901 0.044804 0.036479
0 0.381495 0.535141 0.047252 0.041499
0 0.367752 0.468039 0.049511 0.027108
0 0.415474 0.485442 0.042922 0.035810
0 0.302805 0.470047 0.037462 0.040495
0 0.333020 0.446787 0.042169 0.032798
0 0.336126 0.416667 0.040474 0.028112
0 0.361916 0.390897 0.036333 0.030120
0 0.348456 0.395415 0.041792 0.029786
0 0.391002 0.411981 0.043298 0.038153
1 0.406438 0.402610 0.048569 0.024096
0 0.442583 0.419344 0.047440 0.036145
0 0.416604 0.540830 0.041039 0.034137
0 0.442583 0.542001 0.044804 0.031124
0 0.476186 0.546687 0.045745 0.030455
0 0.489552 0.513554 0.045369 0.032463
0 0.514025 0.525770 0.040098 0.029451
0 0.542733 0.545683 0.047816 0.030455
0 0.450866 0.500167 0.046687 0.031794
0 0.467809 0.455321 0.041792 0.041834
0 0.503012 0.478079 0.037274 0.042503
0 0.536521 0.470382 0.044428 0.045181
0 0.564665 0.516901 0.041227 0.049866
0 0.597892 0.540830 0.039157 0.059572
0 0.628012 0.570783 0.042545 0.048527
0 0.661992 0.590863 0.047628 0.056560
0 0.379800 0.387550 0.041604 0.025435
0 0.407097 0.360776 0.042357 0.026104
0 0.437218 0.330656 0.044992 0.028782
1 0.463950 0.302209 0.047252 0.026104
1 0.526920 0.315930 0.044051 0.027443
0 0.487858 0.317102 0.038968 0.029786
0 0.562406 0.304552 0.039345 0.023427
0 0.595444 0.292838 0.042169 0.031459
0 0.609657 0.282296 0.037086 0.029786
0 0.633095 0.285141 0.041792 0.030790
0 0.653426 0.268240 0.041792 0.021754
0 0.532756 0.402945 0.041416 0.034137
0 0.567959 0.404116 0.039157 0.037818
0 0.541886 0.434237 0.039345 0.035141
0 0.595162 0.414491 0.036333 0.031124
0 0.615117 0.423862 0.043863 0.033802
0 0.642131 0.420181 0.040663 0.029116
0 0.674605 0.436245 0.043110 0.029786
0 0.655779 0.512885 0.037086 0.041834
0 0.674322 0.509203 0.034639 0.039826
0 0.700113 0.532798 0.035015 0.046854
0 0.732681 0.560910 0.039533 0.059572
0 0.761578 0.575971 0.037462 0.055556
0 0.784356 0.596888 0.041227 0.044511
1 0.752259 0.504518 0.045181 0.028447
0 0.773061 0.484772 0.035956 0.037818
0 0.804311 0.497490 0.038215 0.035141
0 0.835467 0.500669 0.039910 0.032129
0 0.825678 0.566432 0.041416 0.044511
0 0.783509 0.530790 0.047063 0.036145
0 0.803370 0.585676 0.040474 0.038822
0 0.844127 0.614793 0.038027 0.042169
0 0.702748 0.479920 0.040286 0.030790
0 0.726092 0.507363 0.044804 0.036145
0 0.714326 0.454652 0.043486 0.027778
0 0.743411 0.466365 0.035768 0.031124
0 0.862669 0.571787 0.043863 0.037149
0 0.895425 0.595382 0.044616 0.041499
0 0.929217 0.591198 0.047063 0.033802
0 0.946819 0.613119 0.045745 0.032798
0 0.873023 0.614793 0.042357 0.044846
0 0.901826 0.658133 0.043110 0.042503
0 0.923852 0.656627 0.045745 0.040830
